0 0.184000 0.563867 0.028219 0.018555
0 0.177281 0.702861 0.034937 0.024434
0 0.211211 0.681025 0.032922 0.021074
0 0.212891 0.644912 0.025531 0.026113
0 0.243125 0.662129 0.029563 0.023594
0 0.257570 0.654990 0.035609 0.022754
0 0.305945 0.644072 0.030234 0.026113
0 0.083891 0.906924 0.043000 0.034512
0 0.049633 0.877119 0.029547 0.038730
0 0.390602 0.643652 0.036953 0.021914
0 0.341555 0.626436 0.032922 0.017715
0 0.040234 0.935938 0.033594 0.033594
0 0.291164 0.605859 0.035609 0.020234
0 0.655305 0.620977 0.019484 0.026953
0 0.636156 0.613838 0.012094 0.027793
