0 0.861367 0.433594 0.047766 0.028398
0 0.440047 0.482578 0.044094 0.045234
0 0.482906 0.488320 0.044094 0.046016
0 0.563445 0.446211 0.056953 0.030703
0 0.447086 0.575586 0.064297 0.046016
0 0.485672 0.538057 0.060625 0.036777
0 0.646109 0.510518 0.053281 0.045996
0 0.545680 0.581738 0.054516 0.047461
0 0.636617 0.451953 0.061234 0.034531
0 0.597734 0.395693 0.041031 0.033770
0 0.734906 0.420195 0.053281 0.033750
0 0.792469 0.427842 0.052063 0.033770
0 0.628961 0.590508 0.056953 0.051367
0 0.674586 0.595869 0.053891 0.059004
0 0.726023 0.600840 0.053891 0.050586
0 0.812680 0.618066 0.052047 0.049844
0 0.728172 0.515488 0.055719 0.045234
0 0.768586 0.518164 0.048391 0.039883
0 0.815742 0.560654 0.064297 0.032988
0 0.926273 0.533096 0.047766 0.045254
0 0.969758 0.538848 0.046547 0.039883
0 0.946789 0.626104 0.050828 0.050605
0 0.269188 0.422480 0.050219 0.030703
0 0.366867 0.479902 0.038578 0.039883
0 0.359820 0.568691 0.066141 0.046016
0 0.316961 0.560273 0.047766 0.047539
0 0.275930 0.557979 0.053891 0.038340
0 0.243164 0.546123 0.058172 0.045254
0 0.201828 0.543047 0.050219 0.049844
0 0.253266 0.470332 0.040406 0.037578
0 0.127734 0.456553 0.031844 0.034512
0 0.050562 0.339424 0.024500 0.023809
0 0.076281 0.342500 0.024500 0.028398
0 0.211008 0.463818 0.036734 0.036816
0 0.203969 0.415596 0.042250 0.030684
0 0.013344 0.975313 0.026687 0.049375
0 0.026687 0.925830 0.051438 0.048223
0 0.030664 0.879902 0.059391 0.037500
0 0.068937 0.811348 0.062469 0.061328
0 0.112414 0.642178 0.066141 0.042949
0 0.027602 0.565664 0.052047 0.039805
0 0.105992 0.534629 0.050828 0.049844
0 0.059141 0.446602 0.026937 0.037578
0 0.029750 0.445449 0.025719 0.032227
0 0.092203 0.449629 0.024500 0.040586
0 0.008930 0.336758 0.015922 0.032227
0 0.403914 0.483730 0.041641 0.041406
