0 0.603148 0.475195 0.058797 0.040508
0 0.494758 0.450391 0.047766 0.040508
0 0.898484 0.468301 0.041156 0.039609
0 0.861781 0.462324 0.047094 0.038672
0 0.788297 0.445342 0.041219 0.043262
0 0.649773 0.411348 0.036078 0.043281
0 0.614133 0.404912 0.036828 0.037754
0 0.581797 0.399863 0.035344 0.033164
0 0.549836 0.392979 0.036078 0.034082
0 0.242656 0.426475 0.049156 0.034941
0 0.454305 0.374600 0.033141 0.032246
0 0.247070 0.244629 0.022859 0.023984
0 0.207391 0.242793 0.016969 0.022148
0 0.344805 0.352568 0.025797 0.034082
0 0.313172 0.341074 0.021312 0.033164
0 0.283781 0.336484 0.024250 0.027656
0 0.259563 0.334189 0.021375 0.026738
0 0.234945 0.329600 0.020641 0.026738
0 0.149656 0.358994 0.047031 0.034082
0 0.919508 0.552344 0.046297 0.040508
0 0.843047 0.527549 0.049313 0.042363
0 0.799727 0.516523 0.055109 0.046016
0 0.762937 0.507803 0.053719 0.045098
0 0.686477 0.489424 0.055109 0.035918
0 0.532195 0.458652 0.061078 0.042344
0 0.415352 0.366797 0.030203 0.031328
0 0.459078 0.444883 0.047094 0.031328
0 0.766211 0.351641 0.038203 0.030391
0 0.725102 0.387471 0.048578 0.039590
0 0.792336 0.403076 0.056672 0.035918
0 0.846680 0.416406 0.046297 0.038672
0 0.886734 0.386553 0.049969 0.035918
0 0.938539 0.401699 0.046297 0.029492
0 0.046453 0.829307 0.046375 0.052441
0 0.136469 0.748467 0.064750 0.034082
0 0.155211 0.715400 0.075766 0.037754
0 0.186812 0.684170 0.065469 0.032246
0 0.194164 0.655234 0.074297 0.031328
0 0.248906 0.605166 0.063281 0.045098
0 0.311000 0.490801 0.053719 0.038672
0 0.170969 0.557861 0.041156 0.042363
0 0.026570 0.693809 0.037484 0.055195
0 0.054500 0.663955 0.036000 0.048770
0 0.085367 0.637773 0.040422 0.047852
0 0.115898 0.611602 0.042703 0.046953
0 0.141617 0.586797 0.036828 0.046953
0 0.108508 0.353936 0.038203 0.029473
0 0.320883 0.406289 0.057328 0.035000
