0 0.453813 0.257900 0.036000 0.026777
0 0.446875 0.978516 0.075000 0.042969
0 0.395313 0.931641 0.087500 0.058594
0 0.552109 0.490869 0.024344 0.049863
0 0.553063 0.542598 0.030125 0.060898
0 0.447000 0.293184 0.036000 0.034063
0 0.412937 0.293789 0.030156 0.030430
0 0.382766 0.292568 0.036000 0.037715
0 0.296148 0.293789 0.036016 0.030430
0 0.291281 0.256680 0.032125 0.026758
0 0.267930 0.257285 0.030172 0.025547
0 0.212445 0.260947 0.037953 0.030410
0 0.177422 0.235391 0.047687 0.023125
0 0.216828 0.230527 0.035031 0.020664
0 0.257219 0.232354 0.039906 0.021895
0 0.293711 0.211670 0.031141 0.021895
0 0.329727 0.215928 0.033078 0.023105
0 0.247484 0.288311 0.039906 0.021895
0 0.392500 0.256074 0.030156 0.025547
0 0.422188 0.254854 0.035031 0.023105
