0 0.514172 0.613857 0.051437 0.031309
0 0.484523 0.460234 0.025141 0.033867
0 0.504438 0.480840 0.026438 0.039180
0 0.526633 0.492471 0.023172 0.034668
0 0.549805 0.515732 0.024484 0.037949
0 0.575133 0.531436 0.023172 0.038340
0 0.603641 0.555869 0.021625 0.042949
0 0.102086 0.284717 0.032016 0.017676
0 0.085187 0.267119 0.031969 0.018809
0 0.089633 0.341709 0.026828 0.023574
0 0.193484 0.318672 0.040906 0.022969
0 0.199359 0.333945 0.037594 0.020625
0 0.222867 0.344229 0.039484 0.027090
0 0.234383 0.355098 0.039016 0.022969
0 0.240484 0.368613 0.037125 0.025313
0 0.254828 0.380957 0.046063 0.024141
0 0.273391 0.397705 0.042781 0.025918
0 0.287727 0.410332 0.039484 0.026484
0 0.300422 0.425020 0.047000 0.026484
0 0.318984 0.437939 0.048406 0.028848
0 0.336844 0.454697 0.047469 0.028262
0 0.358703 0.471729 0.046062 0.027090
0 0.376094 0.489365 0.046062 0.029434
0 0.388781 0.509922 0.043250 0.025898
0 0.408523 0.528721 0.047953 0.028262
0 0.436437 0.546436 0.046063 0.029980
0 0.456641 0.566904 0.047375 0.030449
0 0.485063 0.587637 0.050094 0.027930
0 0.465109 0.442695 0.024156 0.033047
0 0.099828 0.221348 0.022875 0.021211
0 0.116641 0.235830 0.023219 0.024082
0 0.212305 0.244609 0.023828 0.023672
0 0.240367 0.266641 0.019922 0.022852
0 0.256688 0.278262 0.021875 0.028164
0 0.268930 0.286016 0.023516 0.031406
0 0.282641 0.298262 0.024813 0.028164
0 0.296672 0.309482 0.022187 0.026113
0 0.311031 0.320693 0.024156 0.028145
0 0.326055 0.330498 0.021547 0.030605
0 0.338453 0.343135 0.022844 0.036309
0 0.356242 0.359668 0.024484 0.028555
0 0.385461 0.389658 0.025453 0.036309
0 0.403086 0.398623 0.022859 0.036309
0 0.422016 0.414746 0.024156 0.038359
0 0.444375 0.428213 0.025781 0.034277
0 0.083516 0.208906 0.019625 0.019180
0 0.630898 0.495127 0.033984 0.035918
0 0.671047 0.461670 0.035281 0.035098
0 0.624859 0.432080 0.039531 0.037949
0 0.583734 0.401484 0.037563 0.030586
0 0.520406 0.417402 0.044750 0.041211
0 0.484672 0.389043 0.035937 0.029375
0 0.550445 0.375576 0.035609 0.033457
0 0.496422 0.318242 0.019625 0.025703
0 0.422320 0.342324 0.033328 0.030586
0 0.391648 0.317227 0.027453 0.027734
0 0.521086 0.218662 0.035641 0.019395
0 0.541352 0.209990 0.031016 0.019043
0 0.558898 0.203359 0.028547 0.017344
0 0.579031 0.197588 0.025844 0.016660
0 0.671102 0.158818 0.030453 0.015996
0 0.691508 0.152529 0.026109 0.017676
0 0.713945 0.144365 0.029641 0.020410
0 0.277070 0.237852 0.026391 0.024180
0 0.299367 0.252480 0.025297 0.022813
0 0.347109 0.286309 0.027750 0.023828
0 0.325758 0.271006 0.023109 0.023848
0 0.298828 0.172910 0.020937 0.021445
0 0.285094 0.165098 0.016312 0.017383
0 0.274898 0.157783 0.016047 0.021113
