0 0.876156 0.887871 0.033844 0.040703
0 0.817914 0.966123 0.044734 0.051699
0 0.660914 0.923828 0.056859 0.060156
0 0.568195 0.915361 0.054141 0.036465
0 0.557703 0.895068 0.052125 0.031387
0 0.542133 0.875605 0.052109 0.038164
0 0.468422 0.953145 0.037219 0.059219
0 0.218227 0.765195 0.056922 0.030547
0 0.626703 0.628135 0.040000 0.022090
0 0.666641 0.626016 0.042719 0.024609
0 0.546500 0.637432 0.039312 0.023770
0 0.458883 0.648857 0.045359 0.027988
0 0.134297 0.674238 0.036625 0.028008
0 0.512320 0.741924 0.053547 0.026309
0 0.951281 0.972051 0.041969 0.046602
0 0.924891 0.950059 0.037906 0.043242
0 0.908648 0.918330 0.039266 0.040684
0 0.860250 0.867139 0.037219 0.038145
