0 0.669789 0.607490 0.031578 0.021934
0 0.284898 0.664463 0.045828 0.019160
0 0.324664 0.638262 0.039172 0.024531
0 0.369313 0.634111 0.037594 0.022090
0 0.545578 0.618682 0.025063 0.019629
0 0.511688 0.620400 0.039562 0.025020
0 0.466844 0.625908 0.035656 0.021543
0 0.633969 0.610313 0.038906 0.023320
0 0.656188 0.822549 0.042344 0.037598
0 0.729859 0.941406 0.045594 0.043477
0 0.040305 0.964590 0.035297 0.061172
0 0.142789 0.961943 0.029609 0.059395
0 0.061484 0.885869 0.035250 0.041191
0 0.283531 0.643896 0.038375 0.021113
