0 0.491703 0.404805 0.012750 0.021797
0 0.510203 0.357764 0.012344 0.013809
0 0.506375 0.367607 0.012344 0.014355
0 0.499992 0.382480 0.010641 0.013281
0 0.495953 0.390459 0.011062 0.015410
0 0.260461 0.916465 0.037922 0.049727
0 0.279430 0.875684 0.029984 0.049727
0 0.586742 0.963867 0.025578 0.047500
0 0.598656 0.872383 0.028219 0.036484
0 0.299711 0.831035 0.026453 0.050820
0 0.319547 0.797412 0.029094 0.043105
0 0.332781 0.760498 0.032625 0.048613
0 0.356586 0.701523 0.025578 0.036484
0 0.369805 0.674668 0.024484 0.034453
0 0.383086 0.650557 0.022047 0.029863
0 0.391664 0.625684 0.020828 0.033672
0 0.618250 0.686533 0.020812 0.031387
0 0.622836 0.658213 0.017766 0.029863
0 0.626820 0.629512 0.018359 0.029102
0 0.629273 0.584727 0.017141 0.025273
0 0.451688 0.493643 0.018281 0.022324
0 0.464703 0.463281 0.017438 0.022852
