0 0.071141 0.921260 0.085531 0.056230
0 0.466195 0.770254 0.041453 0.080469
0 0.169898 0.937246 0.090828 0.063945
0 0.421227 0.711826 0.044984 0.067246
0 0.632211 0.461562 0.049609 0.030625
0 0.632211 0.359375 0.049609 0.025273
0 0.633430 0.379277 0.043484 0.032930
0 0.634969 0.483760 0.051437 0.033691
0 0.628836 0.525859 0.061234 0.038281
0 0.630984 0.554180 0.065531 0.039805
0 0.629453 0.580977 0.060000 0.039805
0 0.628836 0.609307 0.066141 0.042871
0 0.694148 0.982402 0.098766 0.035195
0 0.568047 0.977471 0.097000 0.042988
0 0.930039 0.889297 0.078484 0.054023
0 0.838773 0.885439 0.081141 0.063926
0 0.610820 0.840234 0.071422 0.070547
