0 0.507344 0.710459 0.061313 0.053535
0 0.143836 0.600967 0.062297 0.029199
0 0.544531 0.515625 0.051562 0.031250
0 0.450406 0.549268 0.042812 0.047441
0 0.633859 0.547441 0.045750 0.051094
0 0.645055 0.494512 0.042828 0.035273
0 0.687883 0.526758 0.044766 0.043789
0 0.595422 0.456807 0.038937 0.037715
0 0.812453 0.604619 0.048656 0.038926
0 0.562820 0.760332 0.063266 0.053516
0 0.974352 0.755469 0.051297 0.048672
0 0.975469 0.706807 0.045750 0.046230
0 0.062578 0.768848 0.080781 0.048672
0 0.049922 0.724443 0.069094 0.030410
0 0.032500 0.680654 0.065000 0.040137
