0 0.221875 0.745117 0.062500 0.060547
0 0.171094 0.669922 0.073438 0.042969
0 0.132812 0.730469 0.062500 0.062500
0 0.440625 0.750977 0.062500 0.060547
0 0.081250 0.723633 0.068750 0.068359
0 0.381250 0.749023 0.062500 0.064453
0 0.510938 0.636719 0.056250 0.054688
0 0.032813 0.722656 0.065625 0.074219
0 0.177344 0.620117 0.045312 0.048828
0 0.500000 0.752930 0.062500 0.064453
0 0.219531 0.622070 0.045312 0.048828
0 0.178906 0.552734 0.045312 0.031250
0 0.450781 0.632812 0.051562 0.050781
0 0.038281 0.544922 0.057813 0.039062
0 0.370312 0.502930 0.056250 0.025391
0 0.399219 0.629883 0.048438 0.048828
0 0.089336 0.617998 0.042828 0.053535
0 0.107828 0.547432 0.054500 0.038926
0 0.293234 0.506074 0.061312 0.034062
0 0.231914 0.501201 0.059359 0.038926
0 0.100039 0.480527 0.042828 0.036484
