0 0.950242 0.932461 0.049047 0.051328
0 0.910219 0.047695 0.009719 0.014219
0 0.926055 0.900547 0.050391 0.054688
0 0.906234 0.870322 0.049719 0.052988
0 0.880367 0.849746 0.045016 0.042070
0 0.867938 0.811953 0.051063 0.037031
0 0.436617 0.290430 0.038953 0.028633
0 0.518914 0.286230 0.030234 0.026953
0 0.921687 0.184189 0.025531 0.017715
0 0.950992 0.179043 0.025672 0.018672
0 0.966445 0.076855 0.010078 0.011797
0 0.955602 0.070977 0.011047 0.015430
0 0.944578 0.064502 0.009094 0.016230
0 0.933398 0.059238 0.012016 0.015430
0 0.919953 0.052969 0.010406 0.014219
0 0.898406 0.043047 0.011375 0.012187
0 0.868750 0.025020 0.011656 0.014219
0 0.859203 0.019541 0.006844 0.013809
0 0.850781 0.016719 0.008125 0.012187
0 0.840258 0.012051 0.008453 0.013398
