0 0.117367 0.967109 0.029703 0.048125
0 0.927578 0.960645 0.058062 0.027695
0 0.499102 0.936172 0.029703 0.049492
0 0.505703 0.680332 0.025156 0.032539
0 0.237336 0.747207 0.025203 0.034375
0 0.261008 0.714746 0.028266 0.038203
0 0.278203 0.683711 0.027500 0.033438
0 0.294633 0.660312 0.025203 0.032461
0 0.377523 0.604932 0.019859 0.028652
0 0.854617 0.962080 0.055766 0.032480
0 0.937883 0.984990 0.058828 0.028652
0 0.856523 0.934863 0.055016 0.021953
0 0.857289 0.913369 0.064172 0.024824
0 0.919164 0.936777 0.050422 0.025781
0 0.926430 0.914326 0.051172 0.022910
0 0.980289 0.666523 0.035141 0.023867
0 0.848508 0.851299 0.045078 0.028652
0 0.916492 0.892373 0.045078 0.024824
0 0.966539 0.611133 0.036672 0.025781
0 0.324781 0.607949 0.022281 0.028633
0 0.340398 0.579668 0.022953 0.037461
0 0.564469 0.566963 0.020375 0.023066
0 0.570523 0.545869 0.017203 0.022285
0 0.582305 0.514443 0.017828 0.026270
0 0.351836 0.562988 0.021641 0.027852
0 0.370937 0.529160 0.020375 0.025469
0 0.383523 0.509863 0.016359 0.019336
0 0.393672 0.493281 0.016406 0.019336
0 0.426633 0.438848 0.014141 0.021016
0 0.436805 0.425303 0.013266 0.017129
0 0.444539 0.414814 0.012828 0.017129
0 0.518766 0.293848 0.009187 0.012109
0 0.498609 0.325430 0.012750 0.015313
0 0.488430 0.342344 0.013734 0.017266
0 0.448852 0.402607 0.012234 0.016582
