0 0.863508 0.951699 0.056578 0.030312
0 0.229984 0.774092 0.028656 0.039590
0 0.867109 0.977559 0.056594 0.031328
0 0.940227 0.957812 0.060266 0.030391
0 0.254234 0.741943 0.030125 0.039590
0 0.269305 0.709795 0.026453 0.035918
0 0.286195 0.682695 0.024984 0.031328
0 0.328086 0.707959 0.024984 0.035918
0 0.523008 0.625693 0.019391 0.028066
0 0.857187 0.887998 0.045562 0.035918
0 0.878469 0.635391 0.029469 0.023047
0 0.987258 0.691875 0.024984 0.033164
0 0.924797 0.933008 0.051438 0.032227
0 0.933609 0.982148 0.055844 0.033164
0 0.500625 0.973799 0.030688 0.050254
0 0.346633 0.581797 0.021953 0.027422
0 0.332086 0.600615 0.022453 0.029355
0 0.319328 0.626768 0.026531 0.033184
0 0.519125 0.300479 0.010719 0.015957
0 0.498203 0.333652 0.012750 0.017227
0 0.487484 0.350234 0.012750 0.013398
0 0.434914 0.435088 0.017859 0.022324
0 0.425734 0.451348 0.016844 0.025508
0 0.449719 0.448477 0.037250 0.060586
0 0.389250 0.508115 0.017344 0.028066
0 0.581891 0.525654 0.018875 0.026152
0 0.572703 0.562021 0.019906 0.028691
0 0.564797 0.588496 0.019406 0.029336
0 0.367305 0.545117 0.022453 0.026797
0 0.380063 0.526621 0.018375 0.025508
