0 0.272125 0.790000 0.068594 0.060547
0 0.322039 0.797646 0.075328 0.065137
0 0.215180 0.790000 0.066141 0.052891
0 0.102164 0.586377 0.069266 0.034512
0 0.180844 0.589434 0.063750 0.037578
0 0.019484 0.646475 0.034969 0.052129
0 0.115633 0.657178 0.044766 0.044473
0 0.569711 0.525518 0.049047 0.038340
0 0.562398 0.555410 0.090641 0.079609
0 0.540320 0.606279 0.066203 0.039121
0 0.627281 0.607051 0.069875 0.043711
0 0.730773 0.551162 0.064984 0.040645
0 0.799664 0.556143 0.059453 0.035293
0 0.169828 0.659092 0.049063 0.054434
0 0.217289 0.660244 0.044766 0.050605
0 0.309453 0.663691 0.049063 0.052891
0 0.357523 0.668281 0.055797 0.052891
0 0.403758 0.666367 0.056391 0.056719
0 0.454281 0.674023 0.060688 0.064375
0 0.653000 0.687041 0.068656 0.061309
0 0.752508 0.682822 0.064359 0.054434
0 0.798445 0.685889 0.057016 0.052910
0 0.972844 0.685117 0.054312 0.051367
0 0.877164 0.818701 0.055109 0.068965
0 0.776117 0.809512 0.061234 0.068984
0 0.715188 0.809512 0.064313 0.078164
0 0.660680 0.809902 0.069203 0.077383
0 0.550758 0.807227 0.066141 0.072031
0 0.033906 0.931270 0.066781 0.049063
0 0.172922 0.775830 0.074719 0.068965
0 0.430125 0.806074 0.074719 0.068203
0 0.120258 0.773418 0.063078 0.061992
