0 0.517992 0.511553 0.049734 0.035293
0 0.624086 0.585156 0.043891 0.034062
0 0.590016 0.558379 0.045844 0.034062
0 0.254734 0.786494 0.066281 0.037715
0 0.142187 0.960938 0.075000 0.062500
0 0.493750 0.702148 0.068750 0.048828
0 0.114062 0.531250 0.046875 0.031250
0 0.394219 0.862109 0.083438 0.064844
0 0.285938 0.704102 0.065625 0.052734
0 0.648414 0.755469 0.065297 0.041367
0 0.554984 0.676387 0.061406 0.048672
0 0.500477 0.633818 0.063359 0.063262
0 0.364719 0.827852 0.066281 0.049883
0 0.332117 0.917871 0.076984 0.059609
0 0.122867 0.860703 0.057516 0.042578
0 0.103883 0.832109 0.076016 0.053516
0 0.027641 0.899014 0.055281 0.053535
0 0.199266 0.704365 0.062375 0.046230
0 0.136008 0.600957 0.048766 0.034062
0 0.239164 0.625303 0.050703 0.038926
0 0.175906 0.664229 0.062375 0.043809
0 0.232352 0.760332 0.070172 0.048672
0 0.273719 0.813867 0.073094 0.041367
0 0.283938 0.838809 0.072125 0.042578
0 0.297070 0.867383 0.076984 0.058398
0 0.340875 0.780400 0.073094 0.062051
0 0.807586 0.779805 0.058391 0.058398
0 0.455766 0.667266 0.053531 0.032852
0 0.348219 0.561436 0.054500 0.030410
0 0.458625 0.945859 0.080875 0.059609
0 0.431375 0.644160 0.053625 0.042578
0 0.403641 0.611914 0.054594 0.048672
0 0.441602 0.568730 0.050703 0.042578
0 0.368609 0.585146 0.044875 0.029199
0 0.355953 0.979922 0.089625 0.040156
0 0.073711 0.769453 0.070172 0.032852
0 0.064953 0.740869 0.068219 0.031621
0 0.421648 0.551689 0.043891 0.030410
0 0.313133 0.732354 0.060453 0.048652
0 0.323352 0.757900 0.065297 0.046230
0 0.046469 0.956807 0.068219 0.047441
