0 0.947203 0.736611 0.053625 0.049863
0 0.710156 0.798828 0.067187 0.058594
0 0.647922 0.956807 0.079906 0.064473
0 0.411430 0.832715 0.066266 0.052305
0 0.664477 0.756074 0.070172 0.045000
0 0.726273 0.714717 0.075047 0.040137
0 0.837219 0.799863 0.073094 0.059609
0 0.869336 0.820547 0.057516 0.049883
0 0.795367 0.871650 0.063359 0.047441
0 0.866906 0.922139 0.060437 0.053535
0 0.919945 0.974453 0.067266 0.051094
0 0.910211 0.719580 0.057516 0.057168
0 0.836734 0.668477 0.054594 0.042578
0 0.806078 0.649014 0.045844 0.037715
0 0.786125 0.629551 0.046813 0.049883
0 0.824086 0.591846 0.056547 0.037715
0 0.909234 0.655098 0.047781 0.040156
0 0.963742 0.683076 0.047797 0.037715
0 0.352547 0.589404 0.051687 0.040137
0 0.615805 0.504248 0.050703 0.035293
