0 0.874063 0.344561 0.037625 0.036113
0 0.932164 0.450361 0.045016 0.027715
0 0.840133 0.320205 0.031578 0.032754
0 0.982891 0.256797 0.016125 0.026875
0 0.581617 0.068594 0.015859 0.016914
0 0.570883 0.063926 0.016797 0.016914
0 0.493250 0.083867 0.015406 0.020430
0 0.472258 0.055879 0.016328 0.018086
0 0.458258 0.047715 0.019141 0.015742
0 0.445195 0.037500 0.017266 0.017500
0 0.532203 0.062236 0.028000 0.015762
0 0.545977 0.068965 0.022859 0.015234
0 0.542938 0.106582 0.024250 0.022812
0 0.780883 0.120869 0.015859 0.015215
0 0.793484 0.133408 0.014000 0.015801
0 0.869297 0.236631 0.025656 0.023965
0 0.896359 0.255303 0.028469 0.025137
0 0.921547 0.277168 0.032188 0.028047
0 0.948148 0.296406 0.029391 0.029219
0 0.858336 0.273086 0.017734 0.026875
0 0.877461 0.293213 0.016797 0.025137
0 0.896586 0.299043 0.017734 0.028633
0 0.767234 0.507891 0.022844 0.045352
0 0.711805 0.529307 0.022172 0.051230
0 0.678883 0.540225 0.026203 0.056270
0 0.914320 0.315664 0.019609 0.026875
0 0.931352 0.329658 0.016328 0.030371
0 0.951414 0.344531 0.016328 0.028633
0 0.969141 0.357949 0.019125 0.029805
0 0.988266 0.373398 0.019125 0.040898
0 0.901023 0.201641 0.013516 0.021641
0 0.917586 0.213604 0.012141 0.018730
0 0.933461 0.224980 0.014016 0.020469
0 0.949781 0.236055 0.013063 0.019297
0 0.965086 0.245039 0.014109 0.023516
0 0.965422 0.541064 0.041656 0.042832
0 0.676867 0.739688 0.053078 0.038633
0 0.889172 0.627148 0.043656 0.035273
0 0.871039 0.647725 0.051734 0.036113
0 0.830055 0.657803 0.054422 0.042832
0 0.815273 0.676699 0.051734 0.041992
0 0.782352 0.692236 0.055766 0.047871
0 0.758500 0.714072 0.051062 0.044512
0 0.714828 0.724990 0.059125 0.049551
0 0.970797 0.436084 0.038969 0.022676
0 0.908656 0.373955 0.035594 0.034434
0 0.622109 0.648564 0.026875 0.049551
0 0.428289 0.544004 0.050391 0.031914
0 0.457852 0.528887 0.046359 0.033594
0 0.489430 0.515449 0.046359 0.031914
0 0.522008 0.500752 0.041641 0.031074
0 0.551906 0.491094 0.047688 0.035273
0 0.613711 0.469678 0.053078 0.031074
0 0.640586 0.458760 0.047703 0.029395
0 0.692320 0.437344 0.050391 0.026875
0 0.721547 0.424746 0.040313 0.026875
0 0.589188 0.661582 0.028219 0.057109
0 0.657047 0.638906 0.021500 0.050391
0 0.691648 0.618330 0.026203 0.049551
0 0.719531 0.603213 0.024188 0.041152
0 0.751109 0.589775 0.030906 0.044512
0 0.782016 0.579277 0.029563 0.047031
0 0.807883 0.567100 0.026203 0.042832
0 0.836773 0.552402 0.027547 0.047031
0 0.647648 0.550723 0.026859 0.053750
0 0.894883 0.418027 0.040297 0.033594
0 0.740695 0.514609 0.024859 0.047031
0 0.558055 0.050215 0.016328 0.013984
