0 0.942516 0.919404 0.045156 0.048457
0 0.917125 0.886650 0.050781 0.053496
0 0.898586 0.860947 0.045953 0.050488
0 0.872375 0.834248 0.043531 0.039395
0 0.858273 0.799482 0.049172 0.040410
0 0.508773 0.511260 0.033859 0.042441
0 0.517242 0.279971 0.026609 0.021270
0 0.918734 0.182051 0.026875 0.021836
0 0.947961 0.175332 0.027547 0.016797
0 0.955516 0.070068 0.009375 0.012637
0 0.943469 0.063262 0.010156 0.014570
0 0.931609 0.056455 0.009750 0.014590
0 0.920133 0.050869 0.011703 0.017988
0 0.909641 0.046494 0.010937 0.014082
0 0.897977 0.040908 0.009359 0.013613
0 0.887672 0.039932 0.010531 0.011660
0 0.880289 0.029961 0.007422 0.012148
0 0.868820 0.024141 0.010922 0.013125
0 0.859875 0.018545 0.006250 0.010684
0 0.849570 0.014658 0.007422 0.009707
