0 0.462375 0.042305 0.013438 0.016797
0 0.778977 0.112988 0.015109 0.016797
0 0.476641 0.052451 0.019594 0.020293
0 0.794094 0.124883 0.014000 0.016797
0 0.531234 0.055254 0.024625 0.014687
0 0.546352 0.064004 0.025766 0.018203
0 0.712516 0.701172 0.060531 0.048789
0 0.757859 0.688994 0.049125 0.044590
0 0.780031 0.669678 0.057187 0.042910
0 0.812609 0.653301 0.051125 0.043750
0 0.825039 0.635254 0.058516 0.046289
0 0.866695 0.626436 0.047766 0.037051
0 0.883492 0.606699 0.047766 0.037891
0 0.677320 0.717744 0.051266 0.047168
0 0.961328 0.523105 0.045688 0.041992
0 0.447539 0.033906 0.016234 0.016797
0 0.690344 0.424463 0.049781 0.034512
0 0.718562 0.411445 0.045750 0.030312
0 0.640625 0.441680 0.049781 0.031992
0 0.613750 0.454277 0.051125 0.037031
0 0.433359 0.524824 0.051813 0.030313
0 0.462914 0.508867 0.046422 0.030313
0 0.491805 0.498789 0.045078 0.030312
0 0.522039 0.485771 0.041047 0.031152
0 0.551602 0.474854 0.051797 0.036191
0 0.590938 0.639453 0.026875 0.053008
0 0.622180 0.627275 0.024859 0.050488
0 0.654430 0.616777 0.023516 0.044609
0 0.688695 0.598301 0.023516 0.046289
0 0.718258 0.584023 0.023516 0.041250
0 0.747820 0.570166 0.020828 0.043770
0 0.779398 0.560508 0.023516 0.047969
0 0.804594 0.548760 0.021500 0.049629
0 0.835492 0.534482 0.026859 0.044590
0 0.649055 0.533643 0.030234 0.056348
0 0.678953 0.519785 0.030906 0.052148
0 0.708516 0.508867 0.025531 0.047109
0 0.739758 0.495430 0.031578 0.052148
0 0.891555 0.403467 0.043734 0.032832
0 0.928508 0.432441 0.043734 0.030312
0 0.870391 0.334180 0.037688 0.033672
0 0.837469 0.308145 0.030969 0.035352
0 0.906336 0.361055 0.035672 0.035352
0 0.967812 0.420684 0.043062 0.026953
0 0.985617 0.358535 0.016859 0.035352
0 0.966133 0.345518 0.018203 0.032832
0 0.948328 0.331660 0.017531 0.031992
0 0.929516 0.316543 0.016188 0.025273
0 0.913391 0.302266 0.016188 0.026953
0 0.892563 0.287988 0.017531 0.028633
0 0.874422 0.282109 0.017531 0.026953
0 0.856281 0.260693 0.017531 0.027793
0 0.944969 0.282949 0.025594 0.025273
0 0.919773 0.264893 0.030297 0.031152
0 0.889539 0.242217 0.026266 0.022754
0 0.868711 0.228359 0.024922 0.025273
0 0.899281 0.219541 0.029625 0.021074
0 0.545516 0.099688 0.027438 0.023789
0 0.497359 0.077646 0.018469 0.014707
0 0.481125 0.068555 0.019594 0.014687
0 0.515563 0.088838 0.020156 0.020293
