0 0.970086 0.356367 0.018547 0.027305
0 0.951141 0.339736 0.016125 0.030332
0 0.933406 0.324121 0.016125 0.027305
0 0.914867 0.308496 0.017734 0.028320
0 0.897531 0.296904 0.016938 0.027324
0 0.878180 0.289854 0.016922 0.029316
0 0.858836 0.269199 0.015328 0.028320
0 0.948328 0.290850 0.028219 0.025293
0 0.922930 0.272715 0.029016 0.029336
0 0.897531 0.251045 0.028219 0.026309
0 0.984203 0.251553 0.016125 0.025293
0 0.966867 0.240977 0.013703 0.022266
0 0.951148 0.232412 0.012891 0.019238
0 0.934219 0.218799 0.016125 0.024277
0 0.901164 0.199150 0.014516 0.021270
0 0.446633 0.036211 0.016234 0.016094
0 0.459930 0.044297 0.015734 0.016172
0 0.475328 0.054453 0.019656 0.015469
0 0.480094 0.071250 0.020219 0.015469
0 0.496047 0.080693 0.015187 0.017559
0 0.542516 0.100986 0.025250 0.021777
0 0.548672 0.065293 0.024125 0.013359
0 0.533586 0.056582 0.028547 0.016797
0 0.795016 0.129326 0.014062 0.018262
0 0.691547 0.436982 0.051594 0.035371
0 0.887047 0.622412 0.047562 0.037402
0 0.870523 0.643574 0.048359 0.037383
0 0.829406 0.652646 0.056438 0.041426
0 0.816914 0.672295 0.049172 0.040410
0 0.782648 0.689434 0.054828 0.048477
0 0.760477 0.708076 0.050797 0.041426
0 0.716539 0.720674 0.058047 0.054512
0 0.679859 0.739814 0.055625 0.044434
0 0.966867 0.536758 0.045953 0.043438
0 0.429930 0.539277 0.050797 0.034375
0 0.459758 0.525166 0.050797 0.036387
0 0.490398 0.511055 0.042734 0.032344
0 0.517398 0.498965 0.045141 0.032344
0 0.989844 0.368457 0.014500 0.037383
0 0.839891 0.316553 0.035469 0.034355
0 0.874148 0.340742 0.037891 0.034375
0 0.910438 0.369971 0.036281 0.044434
0 0.548844 0.485859 0.053219 0.032344
0 0.972109 0.431943 0.035469 0.025293
0 0.894711 0.414814 0.043547 0.035371
0 0.929781 0.445049 0.041125 0.025293
0 0.711297 0.527178 0.028219 0.054512
0 0.679047 0.535752 0.034656 0.055527
0 0.739508 0.512061 0.029828 0.046465
0 0.650078 0.550361 0.029844 0.056543
0 0.837070 0.547842 0.026609 0.045449
0 0.809656 0.563965 0.025000 0.053516
0 0.781836 0.577061 0.025797 0.051504
0 0.751203 0.586133 0.030625 0.047461
0 0.720562 0.599746 0.024187 0.042422
0 0.691547 0.615361 0.027406 0.049473
0 0.658492 0.635518 0.025797 0.051504
0 0.624227 0.644082 0.024984 0.048477
0 0.589961 0.656680 0.029016 0.057539
0 0.718953 0.422373 0.048375 0.036387
0 0.642766 0.455635 0.050781 0.030332
0 0.614148 0.465703 0.051609 0.034375
