0 0.107813 0.486328 0.037500 0.035156
0 0.465625 0.638672 0.056250 0.050781
0 0.267969 0.683594 0.076563 0.042969
0 0.414062 0.635742 0.053125 0.052734
0 0.456250 0.758789 0.062500 0.060547
0 0.117563 0.551094 0.048656 0.043789
0 0.048438 0.549805 0.059375 0.037109
0 0.146875 0.734375 0.065625 0.058594
0 0.399219 0.755859 0.060937 0.066406
0 0.519531 0.757812 0.070312 0.066406
0 0.242969 0.505859 0.051562 0.039062
0 0.525000 0.642578 0.056250 0.054688
0 0.183742 0.557168 0.056453 0.031641
0 0.047492 0.724443 0.064234 0.066895
0 0.374492 0.504863 0.050609 0.024336
0 0.304422 0.506074 0.056437 0.029180
0 0.101508 0.621641 0.051578 0.051094
0 0.237500 0.750977 0.065625 0.056641
0 0.186664 0.624082 0.052547 0.051094
0 0.231250 0.627930 0.043750 0.048828
0 0.093750 0.729492 0.068750 0.068359
