0 0.504906 0.717754 0.068125 0.051094
0 0.733594 0.621094 0.048438 0.039062
0 0.642188 0.554688 0.046875 0.039062
0 0.043750 0.730176 0.071875 0.042383
0 0.034375 0.693359 0.059375 0.050781
0 0.066469 0.781621 0.080781 0.052305
0 0.146266 0.611299 0.053531 0.037715
0 0.563297 0.763975 0.060344 0.063262
0 0.810992 0.610703 0.036016 0.041367
0 0.771578 0.585146 0.046719 0.046230
0 0.694203 0.532842 0.037969 0.036504
0 0.597367 0.464102 0.042828 0.035273
0 0.515609 0.414834 0.033094 0.034082
0 0.471820 0.390498 0.029203 0.036504
