0 0.458195 0.504863 0.035047 0.051094
0 0.390070 0.523105 0.036984 0.053516
0 0.422188 0.520059 0.033094 0.042578
0 0.723437 0.689453 0.075000 0.046875
0 0.606250 0.634766 0.050000 0.050781
0 0.531250 0.658203 0.031250 0.039062
0 0.451562 0.668945 0.040625 0.052734
0 0.639062 0.625977 0.040625 0.052734
0 0.354687 0.684570 0.040625 0.060547
0 0.671094 0.616211 0.042188 0.056641
0 0.738977 0.596709 0.051578 0.066895
0 0.493719 0.506680 0.032125 0.052305
0 0.226078 0.552910 0.037969 0.040156
0 0.160867 0.565078 0.032109 0.035273
0 0.128266 0.574199 0.023344 0.051094
0 0.097125 0.576641 0.027250 0.051094
0 0.083984 0.748770 0.030156 0.076641
0 0.157461 0.732354 0.035047 0.065684
0 0.239703 0.718975 0.041844 0.065684
0 0.317078 0.698896 0.040875 0.066895
