0 0.944438 0.915889 0.047406 0.048496
0 0.917828 0.887471 0.046438 0.054551
0 0.899938 0.858447 0.043531 0.054551
0 0.873812 0.834258 0.045469 0.042461
0 0.867938 0.024990 0.009719 0.015605
0 0.847922 0.015508 0.007781 0.011211
0 0.858414 0.018428 0.010891 0.011230
0 0.878828 0.030332 0.008937 0.013672
0 0.897102 0.041758 0.011266 0.013164
0 0.908180 0.046611 0.011672 0.015098
0 0.919656 0.052441 0.010500 0.016094
0 0.931898 0.058281 0.010891 0.015117
0 0.943180 0.062656 0.009328 0.015117
0 0.955227 0.069941 0.007766 0.014141
0 0.987297 0.090596 0.009719 0.013652
0 0.965102 0.077891 0.008953 0.014102
0 0.948063 0.172334 0.025188 0.021699
0 0.918672 0.180732 0.026875 0.021699
0 0.515852 0.280996 0.028047 0.026719
0 0.405078 0.313037 0.029031 0.037598
0 0.858336 0.800400 0.051266 0.040020
