0 0.304906 0.279795 0.039906 0.026777
0 0.446875 0.336914 0.037500 0.033203
0 0.563305 0.694023 0.038922 0.076641
0 0.563797 0.768232 0.034063 0.088809
0 0.433859 0.390508 0.040875 0.043789
0 0.373523 0.336367 0.035047 0.035273
0 0.358930 0.384424 0.036984 0.038926
0 0.404664 0.331504 0.038922 0.027969
0 0.254789 0.334541 0.036984 0.031621
0 0.229484 0.335156 0.035031 0.032852
0 0.162820 0.335752 0.032109 0.029199
0 0.196875 0.384414 0.041844 0.041367
0 0.257219 0.389893 0.039906 0.045020
0 0.162820 0.383809 0.043797 0.042578
0 0.058680 0.335146 0.032109 0.040137
0 0.033859 0.335146 0.021406 0.030410
0 0.125836 0.304736 0.041859 0.030410
0 0.175961 0.303525 0.036984 0.023105
0 0.220242 0.307168 0.037953 0.032852
0 0.397852 0.387471 0.036984 0.037715
0 0.163789 0.268242 0.026266 0.025547
0 0.261109 0.279795 0.047688 0.026777
