0 0.667305 0.869521 0.061172 0.039707
0 0.113789 0.480693 0.032922 0.037793
0 0.128172 0.669346 0.046344 0.042910
0 0.167805 0.647510 0.054422 0.039551
0 0.102086 0.376924 0.036859 0.023340
0 0.124250 0.399170 0.040594 0.023965
0 0.630437 0.836572 0.055563 0.034473
0 0.593812 0.805957 0.057906 0.032734
0 0.566547 0.777383 0.057375 0.035039
0 0.526188 0.751426 0.055063 0.034453
0 0.500531 0.723145 0.054125 0.028047
0 0.480930 0.697764 0.056922 0.033301
0 0.457141 0.671816 0.053187 0.028047
0 0.428680 0.643828 0.056922 0.032734
0 0.404883 0.620791 0.057859 0.030957
0 0.381328 0.601543 0.059250 0.029805
0 0.362898 0.582881 0.050391 0.029785
0 0.343062 0.562471 0.051781 0.029785
0 0.317875 0.540020 0.052719 0.028047
0 0.359578 0.440059 0.024625 0.032266
0 0.341383 0.423623 0.024078 0.035762
0 0.324586 0.406123 0.026328 0.037168
0 0.417523 0.409268 0.035266 0.032246
0 0.387852 0.386523 0.035266 0.038555
0 0.357055 0.362031 0.036391 0.030156
0 0.325984 0.340332 0.033594 0.028750
0 0.398492 0.332285 0.035266 0.026680
0 0.288477 0.377070 0.021266 0.030859
0 0.253203 0.346279 0.029125 0.033652
0 0.346109 0.253906 0.021219 0.025273
0 0.138148 0.337891 0.025203 0.032266
0 0.118547 0.316533 0.026313 0.028770
0 0.098398 0.300088 0.021828 0.026660
0 0.331023 0.245146 0.025766 0.027363
0 0.237523 0.331230 0.022391 0.031562
0 0.223531 0.320742 0.028000 0.031563
0 0.170063 0.381660 0.034156 0.023086
0 0.149344 0.265098 0.025188 0.025273
0 0.141508 0.249355 0.021828 0.024570
0 0.166148 0.271406 0.022953 0.030859
0 0.175664 0.280146 0.024078 0.025957
0 0.187695 0.288193 0.023516 0.022480
0 0.195813 0.299043 0.020719 0.025977
0 0.126953 0.158369 0.019594 0.017559
0 0.281195 0.208057 0.017922 0.025957
0 0.763555 0.235635 0.033641 0.021777
0 0.782867 0.226885 0.030859 0.019668
0 0.806102 0.213945 0.037016 0.023164
0 0.836336 0.205898 0.029172 0.023867
0 0.959508 0.184902 0.024703 0.022461
0 0.855375 0.192588 0.026937 0.019668
0 0.878047 0.184551 0.025250 0.017578
0 0.668070 0.287490 0.036953 0.026660
0 0.300375 0.522520 0.045719 0.026875
0 0.292672 0.504443 0.045250 0.026895
0 0.274719 0.486074 0.046656 0.029805
0 0.246250 0.469453 0.044781 0.026875
0 0.237383 0.451953 0.049453 0.026875
0 0.216625 0.436494 0.045250 0.023965
0 0.202398 0.421338 0.043859 0.025137
0 0.180000 0.398594 0.047594 0.026289
0 0.765273 0.784961 0.027578 0.061875
0 0.728422 0.748809 0.024781 0.053711
0 0.697625 0.728096 0.024781 0.050801
0 0.664148 0.695850 0.022391 0.046973
0 0.636430 0.677646 0.024078 0.052559
0 0.823984 0.643018 0.046469 0.042051
0 0.784242 0.692002 0.040859 0.044863
0 0.767727 0.603125 0.044797 0.039258
0 0.713703 0.564277 0.046469 0.041367
0 0.670586 0.530332 0.045359 0.040664
0 0.642594 0.588076 0.050938 0.052559
0 0.610117 0.651416 0.022953 0.042051
0 0.555813 0.605566 0.025187 0.049766
0 0.646234 0.297646 0.038062 0.028770
0 0.625242 0.306045 0.044234 0.027363
0 0.525898 0.585977 0.026797 0.055352
0 0.596406 0.549932 0.045906 0.037871
0 0.597523 0.450557 0.024641 0.033652
0 0.502344 0.565684 0.025750 0.049766
0 0.479102 0.552031 0.027422 0.047656
0 0.558617 0.517393 0.044234 0.041348
0 0.680945 0.356436 0.036953 0.027363
0 0.735250 0.289248 0.034719 0.028770
0 0.608164 0.315137 0.042547 0.025977
0 0.376938 0.455459 0.025750 0.037871
0 0.397930 0.468398 0.024078 0.038555
0 0.415844 0.489043 0.025188 0.049062
0 0.437406 0.508994 0.026875 0.037168
0 0.827352 0.320381 0.037516 0.028066
0 0.815312 0.329131 0.035844 0.028770
0 0.779203 0.346982 0.038625 0.030879
0 0.764367 0.357471 0.042547 0.028066
0 0.747008 0.366924 0.042547 0.027363
0 0.731891 0.375674 0.040313 0.029473
0 0.474070 0.451260 0.035266 0.037871
0 0.514383 0.484150 0.043109 0.040645
