0 0.758461 0.991377 0.031578 0.017246
0 0.896250 0.898623 0.020594 0.022402
0 0.919094 0.913477 0.020156 0.020352
0 0.908180 0.906475 0.024078 0.020371
0 0.956883 0.938320 0.020703 0.022461
0 0.972281 0.943564 0.019031 0.020371
0 0.841359 0.929209 0.024188 0.022598
0 0.857820 0.942686 0.023516 0.020996
0 0.883352 0.959062 0.022172 0.020156
0 0.857086 0.991992 0.025297 0.016016
0 0.841906 0.985361 0.024625 0.020645
0 0.829648 0.976738 0.028078 0.019609
0 0.816828 0.965449 0.027812 0.025313
0 0.798734 0.959365 0.029969 0.023965
0 0.792500 0.945732 0.022125 0.022949
0 0.883227 0.892061 0.018672 0.019980
0 0.986062 0.950869 0.022937 0.028730
0 0.946555 0.925859 0.022547 0.026719
