0 0.909898 0.523096 0.038359 0.024043
0 0.737672 0.986729 0.030469 0.021152
0 0.778961 0.980801 0.037234 0.034687
0 0.895680 0.968115 0.047453 0.056699
0 0.722414 0.879287 0.044734 0.053301
0 0.639836 0.894092 0.047453 0.055840
0 0.571133 0.898320 0.038641 0.047383
0 0.497016 0.922002 0.046094 0.065996
0 0.202984 0.603721 0.045125 0.031738
0 0.980969 0.513936 0.032719 0.028262
0 0.946562 0.516748 0.034969 0.025449
0 0.820492 0.531914 0.038922 0.028984
0 0.778477 0.540020 0.038359 0.026875
0 0.733633 0.547422 0.040047 0.028984
0 0.688234 0.549893 0.044000 0.026855
0 0.411789 0.583486 0.040609 0.026074
