0 0.624062 0.293594 0.037594 0.022695
0 0.659555 0.726758 0.022453 0.050195
0 0.488563 0.750674 0.054625 0.033887
0 0.628297 0.694678 0.024313 0.049043
0 0.464766 0.722969 0.052781 0.030977
0 0.601930 0.677188 0.026641 0.049062
0 0.446797 0.697021 0.056969 0.032715
0 0.575805 0.650645 0.024766 0.046133
0 0.610570 0.583291 0.052297 0.052559
0 0.682648 0.563467 0.045297 0.043223
0 0.641359 0.529346 0.043906 0.042637
0 0.548750 0.625576 0.024781 0.047285
0 0.423242 0.668438 0.053703 0.031562
0 0.522383 0.603408 0.027109 0.048457
0 0.564844 0.549180 0.042969 0.037969
0 0.570672 0.448564 0.024781 0.033887
0 0.528914 0.517383 0.041109 0.037383
0 0.483898 0.482979 0.040641 0.039707
0 0.445875 0.448281 0.036437 0.034453
0 0.495094 0.585332 0.025719 0.050781
0 0.469227 0.564043 0.023328 0.051367
0 0.445664 0.550049 0.028453 0.046699
0 0.407406 0.506602 0.025656 0.036797
0 0.386875 0.484727 0.026594 0.047891
0 0.369148 0.466943 0.022859 0.039121
0 0.350953 0.453525 0.027531 0.034473
0 0.334391 0.438076 0.027062 0.032715
0 0.313859 0.422910 0.025188 0.035039
0 0.680813 0.306855 0.034063 0.025703
0 0.714164 0.326396 0.030797 0.025137
0 0.585406 0.314619 0.043094 0.024707
0 0.605438 0.301689 0.035969 0.023496
0 0.647719 0.284687 0.032406 0.021875
0 0.709117 0.375811 0.037266 0.029160
0 0.723695 0.365273 0.036609 0.025117
0 0.745562 0.232842 0.036281 0.017832
0 0.765977 0.225957 0.029797 0.020234
0 0.789625 0.211572 0.034344 0.021465
0 0.842766 0.219883 0.024625 0.021055
0 0.740547 0.355557 0.037906 0.029980
0 0.756094 0.343203 0.042438 0.030391
0 0.772617 0.336113 0.035328 0.029961
0 0.793516 0.327607 0.035000 0.029160
0 0.942867 0.180449 0.023328 0.023320
0 0.389047 0.406201 0.035469 0.027207
0 0.395531 0.643154 0.056500 0.038496
0 0.370102 0.620117 0.056047 0.034414
0 0.348875 0.601172 0.055563 0.033828
0 0.332070 0.580176 0.047172 0.032656
0 0.312953 0.559463 0.049969 0.030918
0 0.288227 0.538770 0.052766 0.033828
0 0.270492 0.519219 0.047172 0.025078
0 0.263023 0.501436 0.045297 0.027988
0 0.247391 0.484238 0.042969 0.030898
0 0.219406 0.467607 0.042969 0.027988
0 0.211937 0.448945 0.050438 0.024492
0 0.298969 0.404629 0.026594 0.038477
0 0.282180 0.392969 0.024734 0.032656
0 0.264914 0.376045 0.021922 0.030332
0 0.374070 0.331729 0.032234 0.031504
0 0.363336 0.384512 0.029453 0.033242
0 0.332078 0.362051 0.035031 0.033828
0 0.301984 0.338428 0.032719 0.029746
0 0.101109 0.398154 0.036156 0.021387
0 0.081867 0.378242 0.037328 0.024297
0 0.192672 0.433926 0.044313 0.027617
0 0.177516 0.421484 0.040437 0.024297
0 0.156734 0.397920 0.045531 0.025762
0 0.144852 0.381641 0.038109 0.023320
0 0.229023 0.344463 0.026047 0.034512
0 0.115891 0.336201 0.029937 0.032559
0 0.215047 0.331338 0.023750 0.032559
0 0.097609 0.315781 0.029156 0.030625
0 0.077781 0.297803 0.022937 0.026738
0 0.323695 0.253330 0.021766 0.022363
0 0.202219 0.317969 0.025313 0.032070
0 0.185867 0.309463 0.019828 0.026738
0 0.174789 0.299502 0.020203 0.028184
0 0.165867 0.287842 0.023359 0.022363
0 0.156320 0.278604 0.023703 0.023340
0 0.142125 0.270098 0.026438 0.027695
0 0.126188 0.266211 0.019437 0.025742
0 0.123469 0.250420 0.020219 0.027207
0 0.200258 0.253340 0.026047 0.024297
0 0.183148 0.242393 0.023703 0.024785
0 0.168766 0.227324 0.022156 0.028672
0 0.153211 0.216152 0.020609 0.023828
0 0.310867 0.243613 0.023328 0.019453
0 0.295336 0.232920 0.017922 0.025254
0 0.285211 0.226846 0.018672 0.025762
0 0.626242 0.872900 0.062891 0.038691
0 0.263047 0.206680 0.018656 0.027227
0 0.247687 0.201582 0.015156 0.020898
0 0.271406 0.219316 0.015938 0.017500
0 0.690813 0.748047 0.025250 0.053125
0 0.728437 0.784287 0.026125 0.061230
0 0.734383 0.603379 0.046359 0.041992
0 0.749164 0.692822 0.042328 0.039473
0 0.795187 0.646211 0.038969 0.036953
0 0.096703 0.667373 0.045562 0.048496
0 0.136852 0.644990 0.050391 0.044863
0 0.088961 0.480527 0.033953 0.037617
0 0.529641 0.776211 0.056219 0.033984
0 0.554305 0.807656 0.059109 0.031563
0 0.590102 0.836680 0.061047 0.031562
