0 0.520961 0.924570 0.043797 0.077852
0 0.443750 0.802734 0.078125 0.058594
0 0.359375 0.789062 0.075000 0.050781
0 0.542188 0.798828 0.075000 0.062500
0 0.069531 0.699219 0.057813 0.039062
0 0.656250 0.735352 0.031250 0.056641
0 0.381250 0.684570 0.037500 0.044922
0 0.618750 0.723633 0.031250 0.048828
0 0.646875 0.674805 0.046875 0.056641
0 0.478906 0.916016 0.045312 0.066406
0 0.275781 0.774414 0.073438 0.048828
0 0.551562 0.713867 0.034375 0.033203
0 0.869531 0.934570 0.064062 0.056641
0 0.444531 0.910156 0.045312 0.058594
0 0.691406 0.743164 0.035937 0.060547
0 0.082812 0.636719 0.040625 0.039062
0 0.511719 0.536133 0.032813 0.033203
0 0.164281 0.653281 0.035031 0.051094
0 0.138484 0.650234 0.045750 0.045000
0 0.036297 0.624082 0.039906 0.043789
0 0.088852 0.532227 0.055484 0.040156
0 0.146273 0.490264 0.024328 0.029199
0 0.175469 0.494521 0.034062 0.027988
0 0.203687 0.498164 0.034062 0.027969
0 0.115125 0.487217 0.026281 0.030410
0 0.078148 0.480527 0.022391 0.024336
0 0.289336 0.507295 0.028234 0.029199
0 0.317078 0.510332 0.033094 0.030430
0 0.413422 0.522490 0.038938 0.032871
0 0.449430 0.525537 0.042828 0.031621
0 0.761844 0.624082 0.066188 0.048672
0 0.483016 0.702539 0.041844 0.076641
0 0.495656 0.661787 0.034063 0.063262
0 0.428023 0.645371 0.035047 0.062031
0 0.393469 0.639902 0.028219 0.051094
0 0.356977 0.632598 0.036984 0.058398
0 0.287391 0.677607 0.047688 0.060840
0 0.228023 0.659355 0.049641 0.043789
0 0.195906 0.656924 0.041844 0.043809
