0 0.124047 0.725771 0.064375 0.045293
0 0.527922 0.300049 0.043469 0.026035
0 0.527000 0.361289 0.045312 0.026016
0 0.628047 0.504043 0.049000 0.034453
0 0.630797 0.527012 0.048375 0.032930
0 0.631719 0.548447 0.051438 0.039043
0 0.512305 0.477646 0.051453 0.036738
0 0.508328 0.558779 0.065531 0.044395
0 0.022586 0.689395 0.043297 0.043086
0 0.636391 0.606172 0.053781 0.046406
0 0.322016 0.845918 0.072313 0.060742
0 0.329953 0.883398 0.081125 0.065156
0 0.534656 0.220820 0.034906 0.017617
0 0.536797 0.237666 0.037969 0.023730
0 0.534656 0.257949 0.036125 0.018359
