0 0.817719 0.962803 0.040625 0.051895
0 0.660555 0.920156 0.057672 0.055937
0 0.134648 0.672939 0.037359 0.020410
0 0.569992 0.911533 0.056859 0.038691
0 0.951242 0.969639 0.040047 0.046543
0 0.544813 0.873008 0.055219 0.036562
0 0.483086 0.989766 0.030859 0.020312
0 0.468227 0.951279 0.038172 0.056855
0 0.559023 0.894785 0.051172 0.033594
0 0.924727 0.947783 0.038922 0.039473
0 0.908938 0.914648 0.037781 0.042305
0 0.877914 0.885029 0.031016 0.035254
0 0.860430 0.864229 0.037797 0.035957
0 0.632812 0.625928 0.033906 0.020449
0 0.459398 0.647793 0.047953 0.028906
0 0.547367 0.636865 0.041234 0.021152
0 0.667023 0.622969 0.038922 0.023281
