0 0.944195 0.915146 0.047578 0.049707
0 0.919281 0.886104 0.051500 0.055996
0 0.899969 0.856357 0.046469 0.052480
0 0.874492 0.832910 0.047016 0.041992
0 0.859102 0.798623 0.049828 0.043379
0 0.408656 0.349678 0.031406 0.031504
0 0.517016 0.280391 0.025188 0.024492
0 0.919727 0.181406 0.028766 0.019453
0 0.987750 0.090723 0.009750 0.013125
0 0.965000 0.077842 0.012500 0.014590
0 0.953922 0.070557 0.009750 0.012637
0 0.942070 0.062764 0.010141 0.012637
0 0.930984 0.055967 0.012094 0.013613
0 0.919516 0.051104 0.010156 0.011660
0 0.908625 0.044307 0.009375 0.013613
0 0.896578 0.041152 0.010937 0.013125
0 0.877914 0.030449 0.010141 0.015078
0 0.867422 0.023887 0.007812 0.015547
0 0.857891 0.018057 0.010531 0.010684
