0 0.469875 0.535273 0.046719 0.041367
0 0.368750 0.481445 0.046875 0.029297
0 0.690625 0.554688 0.046875 0.035156
0 0.581250 0.716797 0.053125 0.054688
0 0.970313 0.710938 0.056250 0.046875
0 0.054688 0.720898 0.087500 0.043359
0 0.062570 0.765811 0.072984 0.062051
0 0.146273 0.601572 0.057422 0.040137
0 0.036734 0.687344 0.058500 0.048672
0 0.334102 0.541963 0.030172 0.040137
0 0.822672 0.642324 0.047687 0.041367
0 0.817805 0.605215 0.043797 0.042578
0 0.772555 0.574805 0.036984 0.042578
0 0.693719 0.520674 0.042813 0.041348
0 0.517563 0.413018 0.035031 0.037715
0 0.600289 0.461064 0.052547 0.031621
0 0.647484 0.493301 0.034063 0.027969
0 0.479117 0.383809 0.032109 0.025547
0 0.404664 0.378945 0.023359 0.020664
0 0.432891 0.380166 0.029188 0.023105
0 0.446516 0.364961 0.025312 0.024336
0 0.512695 0.712275 0.052547 0.047441
