0 0.458672 0.648281 0.046250 0.028203
0 0.713555 0.625000 0.090703 0.050000
0 0.132648 0.673311 0.040609 0.027480
0 0.294813 0.758623 0.058094 0.031738
0 0.548070 0.638760 0.037797 0.026074
0 0.660172 0.921377 0.061594 0.058457
0 0.818555 0.964521 0.048047 0.058457
0 0.858484 0.865957 0.035875 0.035625
0 0.874398 0.887529 0.036547 0.038145
0 0.659508 0.627354 0.028672 0.028848
0 0.906883 0.916729 0.040609 0.039004
0 0.923805 0.950566 0.044672 0.040703
0 0.949195 0.971289 0.042641 0.044922
0 0.626109 0.628223 0.040937 0.023555
0 0.543891 0.874805 0.057187 0.033828
0 0.560930 0.897324 0.055234 0.030898
0 0.575422 0.916670 0.065406 0.035293
0 0.469305 0.952725 0.037234 0.058379
