0 0.478438 0.616094 0.028969 0.044336
0 0.791969 0.242266 0.016844 0.022148
0 0.773766 0.236719 0.015906 0.026250
0 0.755109 0.227393 0.015906 0.018066
0 0.737844 0.215146 0.015906 0.027402
0 0.705180 0.258594 0.032703 0.028008
0 0.675789 0.245762 0.032703 0.025664
0 0.649891 0.230312 0.030375 0.022734
0 0.620969 0.214561 0.029437 0.021582
0 0.650828 0.174619 0.014500 0.019824
0 0.667633 0.184531 0.013578 0.018672
0 0.684656 0.190645 0.013125 0.023906
0 0.701914 0.201436 0.012172 0.019824
0 0.719180 0.208145 0.013109 0.026250
0 0.538609 0.120957 0.013094 0.016328
0 0.525055 0.111924 0.016766 0.019238
0 0.381859 0.676162 0.032719 0.052480
0 0.414055 0.655176 0.028047 0.050156
0 0.447875 0.641465 0.025719 0.044922
0 0.505500 0.596270 0.025250 0.040820
0 0.533258 0.577021 0.032234 0.044316
0 0.564516 0.563027 0.027562 0.041992
0 0.589016 0.546982 0.028969 0.043730
0 0.616305 0.528037 0.031297 0.045488
0 0.209938 0.580811 0.049969 0.028574
0 0.237227 0.561855 0.046703 0.028008
0 0.268484 0.543486 0.043906 0.029746
0 0.296242 0.526279 0.040641 0.029160
0 0.324008 0.509912 0.052297 0.035059
0 0.428984 0.556611 0.022438 0.051309
0 0.457445 0.538828 0.026172 0.049570
0 0.488234 0.524531 0.023375 0.046641
0 0.515992 0.507324 0.025703 0.048398
0 0.541656 0.497998 0.024781 0.043730
0 0.385820 0.481377 0.051828 0.031504
0 0.411953 0.464756 0.051844 0.022754
0 0.459539 0.436768 0.053703 0.028574
0 0.485898 0.424521 0.044828 0.029746
0 0.139094 0.049561 0.016719 0.011660
0 0.154648 0.056113 0.015953 0.013125
0 0.185555 0.074092 0.016328 0.016035
0 0.199945 0.082598 0.014766 0.015547
0 0.214719 0.088438 0.016344 0.015547
0 0.236297 0.113701 0.016719 0.018457
0 0.287039 0.129258 0.023328 0.023320
0 0.673227 0.282500 0.019172 0.024492
0 0.287039 0.094014 0.024109 0.017012
0 0.812266 0.255684 0.017313 0.025664
0 0.832789 0.265889 0.019172 0.022754
0 0.754406 0.329160 0.019187 0.035000
0 0.731773 0.318076 0.020578 0.027988
0 0.611875 0.248672 0.017781 0.025664
0 0.632172 0.266465 0.017312 0.025078
0 0.651531 0.271426 0.016844 0.028008
0 0.691891 0.293877 0.017313 0.026230
0 0.778203 0.343164 0.018250 0.032656
0 0.711719 0.305830 0.017781 0.027988
0 0.596711 0.301748 0.034109 0.027988
0 0.633805 0.322451 0.040172 0.035566
0 0.672297 0.344033 0.037844 0.035566
0 0.660398 0.389814 0.041109 0.030332
0 0.740875 0.394482 0.041562 0.027988
0 0.480320 0.739150 0.055984 0.037324
0 0.515062 0.718154 0.059312 0.039668
0 0.554719 0.697744 0.052781 0.040840
0 0.577117 0.676172 0.059297 0.040820
0 0.607672 0.653711 0.055094 0.035586
0 0.620039 0.631260 0.057422 0.036152
0 0.660156 0.618428 0.056500 0.038496
0 0.675117 0.592187 0.048047 0.032656
0 0.743211 0.500039 0.046234 0.039648
0 0.979313 0.556318 0.037781 0.029746
0 0.958312 0.540576 0.045250 0.028574
0 0.942219 0.522490 0.047594 0.023926
0 0.911422 0.506162 0.045719 0.028574
0 0.876438 0.488379 0.044781 0.030273
0 0.988117 0.473789 0.023766 0.033828
0 0.965055 0.458340 0.026172 0.035586
0 0.937766 0.442305 0.024781 0.035000
0 0.912570 0.424805 0.023828 0.039648
0 0.888078 0.412559 0.024312 0.033828
0 0.858687 0.393604 0.022438 0.030918
0 0.857078 0.467373 0.052719 0.027988
0 0.825109 0.453975 0.039188 0.029160
0 0.801547 0.437344 0.046188 0.026250
0 0.913508 0.381064 0.038766 0.036152
0 0.871047 0.356279 0.035031 0.036738
0 0.934031 0.350449 0.035031 0.028594
0 0.801063 0.360947 0.021969 0.035566
0 0.762344 0.413428 0.049969 0.021582
0 0.704977 0.411094 0.040578 0.026250
