0 0.048461 0.723232 0.068141 0.037715
0 0.029969 0.682480 0.058406 0.043789
0 0.145781 0.599756 0.066187 0.029199
0 0.815859 0.605225 0.049625 0.040137
0 0.065008 0.772500 0.072016 0.051094
0 0.645055 0.779189 0.060328 0.062051
0 0.403125 0.482422 0.050000 0.027344
0 0.513672 0.709238 0.060344 0.053516
0 0.965734 0.713496 0.049625 0.049883
0 0.645539 0.493301 0.036016 0.030430
0 0.691281 0.523721 0.049625 0.047441
0 0.597852 0.459844 0.045734 0.034062
0 0.518047 0.414834 0.034063 0.036504
0 0.334586 0.545605 0.036984 0.049883
0 0.455758 0.556563 0.028234 0.054727
0 0.760156 0.605469 0.048438 0.039062
0 0.400281 0.360693 0.026281 0.020684
0 0.472305 0.380771 0.028234 0.021895
0 0.446031 0.364951 0.028219 0.029199
