0 0.746008 0.235283 0.039484 0.020566
0 0.626148 0.295498 0.040422 0.019980
0 0.608281 0.304893 0.034781 0.022324
0 0.587609 0.316064 0.044187 0.025840
0 0.593242 0.357187 0.038547 0.030547
0 0.363867 0.385684 0.030078 0.033477
0 0.390664 0.409775 0.031953 0.035840
0 0.446594 0.451201 0.034781 0.037598
0 0.265695 0.501416 0.050078 0.025371
0 0.269086 0.523838 0.044672 0.031309
0 0.288031 0.539492 0.050094 0.033828
0 0.311727 0.564453 0.052797 0.034687
0 0.331352 0.580527 0.054141 0.033008
0 0.347602 0.602100 0.058203 0.033848
0 0.370609 0.621133 0.059563 0.034687
0 0.089352 0.479844 0.033234 0.036367
0 0.097469 0.667246 0.040000 0.043984
0 0.138078 0.645674 0.048125 0.041465
0 0.394977 0.645244 0.058203 0.033848
0 0.420703 0.670635 0.055500 0.028770
0 0.445398 0.696865 0.058891 0.033848
0 0.463344 0.724355 0.055500 0.031289
0 0.487703 0.751006 0.056844 0.035527
0 0.659930 0.729854 0.025109 0.052441
0 0.692750 0.751006 0.024437 0.054160
0 0.727609 0.786543 0.027813 0.062617
0 0.526016 0.776387 0.056187 0.030469
0 0.553953 0.807666 0.058844 0.034863
0 0.589656 0.837217 0.055656 0.034238
0 0.624117 0.872744 0.065297 0.035332
0 0.298914 0.233936 0.018016 0.028457
0 0.946187 0.186318 0.024844 0.020449
0 0.792281 0.215693 0.032344 0.017988
0 0.825250 0.207529 0.025812 0.019629
0 0.912727 0.161025 0.026484 0.018809
0 0.885313 0.175713 0.026469 0.021270
0 0.838930 0.261475 0.028203 0.022324
0 0.219406 0.180322 0.014875 0.021113
0 0.229984 0.188896 0.018813 0.020605
0 0.207656 0.174941 0.016437 0.020117
0 0.240750 0.197949 0.016063 0.020117
0 0.275227 0.222188 0.019984 0.022578
0 0.264062 0.208965 0.020375 0.025508
0 0.311453 0.245684 0.023500 0.024531
0 0.146750 0.269922 0.024687 0.030898
0 0.166531 0.289014 0.022719 0.025020
0 0.156539 0.280205 0.025453 0.025996
0 0.113039 0.158047 0.023141 0.021602
0 0.154758 0.214355 0.018047 0.021602
0 0.171406 0.227334 0.023156 0.024043
0 0.185312 0.242510 0.021969 0.022090
0 0.201563 0.253271 0.026281 0.024043
0 0.124422 0.248633 0.022313 0.024531
0 0.129516 0.266982 0.018406 0.025020
0 0.187875 0.308359 0.019969 0.021602
0 0.177102 0.297344 0.018797 0.022070
0 0.327305 0.255449 0.021609 0.021211
0 0.757469 0.345186 0.039156 0.028965
0 0.767258 0.264805 0.027422 0.026523
0 0.769039 0.228516 0.030078 0.016445
0 0.649648 0.286982 0.031016 0.025254
0 0.806813 0.321172 0.030719 0.025742
0 0.792938 0.331162 0.039531 0.026152
0 0.771883 0.338506 0.037891 0.028613
0 0.742672 0.359521 0.039531 0.027363
0 0.724875 0.369111 0.036594 0.026973
0 0.709859 0.377275 0.040500 0.026973
0 0.683961 0.567832 0.043391 0.041445
0 0.247422 0.486191 0.046031 0.032148
0 0.218664 0.469268 0.042641 0.030449
0 0.212227 0.451074 0.051453 0.027930
0 0.217695 0.333105 0.027266 0.030547
0 0.230852 0.347207 0.027266 0.030547
0 0.264930 0.376289 0.023047 0.032305
0 0.283258 0.395381 0.026797 0.034082
0 0.299242 0.407139 0.024922 0.036426
0 0.315930 0.422412 0.024453 0.034082
0 0.333555 0.440029 0.025859 0.032910
0 0.350945 0.454717 0.026797 0.037598
0 0.369508 0.468535 0.026328 0.042891
0 0.386430 0.487334 0.026328 0.047598
0 0.407820 0.509658 0.029609 0.037012
0 0.485844 0.483516 0.039000 0.041133
0 0.527914 0.517588 0.041359 0.038770
0 0.570453 0.450615 0.023969 0.035254
0 0.448008 0.549023 0.030078 0.041719
0 0.469391 0.567236 0.025844 0.051113
0 0.494070 0.586631 0.028203 0.048770
0 0.522227 0.606953 0.027734 0.046406
0 0.568891 0.553027 0.043375 0.038906
0 0.610852 0.588564 0.052859 0.049082
0 0.641656 0.533574 0.044062 0.042305
0 0.736078 0.603369 0.046094 0.041465
0 0.791570 0.646523 0.047453 0.044844
0 0.749273 0.698975 0.046766 0.053301
0 0.547602 0.627900 0.025047 0.043145
0 0.573664 0.652861 0.027078 0.049082
0 0.600742 0.679941 0.027078 0.049063
0 0.628148 0.697285 0.026391 0.051602
0 0.148602 0.380430 0.036547 0.025391
0 0.097508 0.314023 0.025047 0.029609
0 0.077867 0.296250 0.020984 0.024531
0 0.118789 0.336016 0.027141 0.033008
0 0.178008 0.421045 0.041359 0.025371
0 0.157711 0.397773 0.045422 0.024531
0 0.102578 0.399893 0.041969 0.025371
0 0.083328 0.377891 0.042719 0.027070
0 0.191930 0.437549 0.044672 0.026230
0 0.376563 0.333105 0.031031 0.030547
0 0.332375 0.361895 0.034781 0.031719
0 0.304172 0.340439 0.033844 0.034668
0 0.203586 0.318115 0.026328 0.033496
