0 0.076414 0.791221 0.043484 0.033770
0 0.010883 0.838330 0.020203 0.031387
0 0.103047 0.852461 0.049000 0.033750
0 0.066914 0.865469 0.048984 0.035273
0 0.167961 0.866650 0.041641 0.040566
0 0.119750 0.897598 0.039688 0.040430
0 0.082641 0.925615 0.037469 0.043184
0 0.056922 0.943525 0.038937 0.038574
0 0.408922 0.775889 0.038938 0.037676
0 0.368141 0.808955 0.041156 0.043184
0 0.346461 0.802979 0.036016 0.033066
0 0.371406 0.897139 0.055188 0.045020
0 0.306008 0.837432 0.043422 0.039512
0 0.258977 0.874639 0.043422 0.034902
0 0.210875 0.914131 0.051437 0.036738
0 0.166047 0.977275 0.048500 0.045449
0 0.223992 0.817627 0.042266 0.029941
0 0.278797 0.779736 0.045312 0.032246
0 0.233180 0.684053 0.039797 0.033770
0 0.273906 0.659551 0.036750 0.033750
0 0.198883 0.710078 0.039797 0.030703
0 0.157555 0.737256 0.041641 0.031465
0 0.116523 0.765957 0.041641 0.036836
0 0.207156 0.833701 0.037969 0.031465
0 0.186945 0.849395 0.042859 0.029180
0 0.312406 0.748271 0.039125 0.030840
0 0.345859 0.726475 0.043000 0.029238
0 0.362234 0.710254 0.045125 0.034023
0 0.514070 0.684746 0.034016 0.034023
0 0.494508 0.674648 0.028922 0.034023
0 0.443055 0.746143 0.036578 0.032441
0 0.420937 0.736846 0.036563 0.031895
0 0.457719 0.707871 0.037000 0.031367
0 0.545070 0.617549 0.040047 0.029355
0 0.584227 0.694600 0.041828 0.035488
0 0.598047 0.684854 0.040406 0.030176
0 0.549141 0.735156 0.041812 0.030547
0 0.560484 0.722305 0.044656 0.032344
0 0.417266 0.670186 0.041344 0.028848
0 0.365266 0.599160 0.028063 0.020195
0 0.307648 0.636104 0.038703 0.030293
0 0.337625 0.618291 0.028063 0.026582
0 0.332953 0.569385 0.039969 0.021270
0 0.348258 0.556895 0.037422 0.020742
0 0.362930 0.547598 0.035297 0.019141
0 0.416320 0.623584 0.039859 0.025098
0 0.403234 0.636221 0.038094 0.019238
0 0.459945 0.635303 0.035141 0.029199
0 0.447242 0.649883 0.042234 0.027344
0 0.434844 0.658008 0.039281 0.028086
0 0.278906 0.720762 0.046969 0.024414
0 0.265172 0.735527 0.043125 0.027344
0 0.245688 0.747705 0.042531 0.024395
0 0.302828 0.708574 0.043406 0.028086
0 0.319367 0.696953 0.036922 0.023281
0 0.333102 0.680703 0.040172 0.025508
0 0.369273 0.658926 0.040453 0.023281
0 0.377992 0.648584 0.043703 0.021816
0 0.169414 0.669902 0.030484 0.017734
0 0.143187 0.683643 0.040406 0.018613
0 0.125648 0.698252 0.033672 0.017715
0 0.103852 0.711318 0.034016 0.022598
0 0.077805 0.723066 0.039328 0.019492
0 0.056016 0.736797 0.035437 0.023047
0 0.578047 0.417627 0.024844 0.013730
0 0.470844 0.484521 0.035125 0.016387
