0 0.299070 0.740127 0.028172 0.042871
0 0.331836 0.748154 0.071641 0.120176
0 0.240586 0.861064 0.031234 0.042871
0 0.219461 0.897422 0.035516 0.051289
0 0.198945 0.945264 0.038578 0.052051
0 0.503852 0.367695 0.012391 0.015937
0 0.532734 0.309668 0.009938 0.014180
0 0.520328 0.338018 0.011344 0.017715
0 0.497117 0.379883 0.013109 0.019922
0 0.485234 0.399102 0.014687 0.020664
0 0.628539 0.459570 0.015922 0.017617
0 0.623938 0.486748 0.016531 0.021426
0 0.591180 0.513545 0.014703 0.019902
0 0.438695 0.482158 0.013484 0.019902
0 0.423391 0.513926 0.018375 0.028320
0 0.412672 0.532676 0.020219 0.030625
0 0.370727 0.610752 0.022047 0.033691
0 0.358781 0.634102 0.022656 0.032930
0 0.344695 0.660127 0.026328 0.034434
0 0.596688 0.634482 0.025719 0.035215
0 0.586273 0.688447 0.022047 0.031387
0 0.578320 0.720215 0.024484 0.032148
0 0.315297 0.712187 0.027563 0.042109
0 0.281625 0.779932 0.028781 0.045918
