0 0.637641 0.614795 0.020156 0.029395
0 0.087391 0.909160 0.045687 0.035273
0 0.049766 0.880186 0.034937 0.036113
0 0.179102 0.700879 0.034266 0.026875
0 0.213367 0.678623 0.035609 0.024355
0 0.392406 0.642090 0.036281 0.023516
0 0.177758 0.562324 0.032922 0.018477
0 0.213367 0.645029 0.030234 0.026035
0 0.177422 0.668125 0.032250 0.028555
0 0.043047 0.938975 0.036281 0.034434
0 0.656781 0.621094 0.018125 0.026875
0 0.293250 0.603633 0.033594 0.018477
0 0.246219 0.663262 0.036281 0.023516
0 0.259992 0.654023 0.038297 0.018477
