0 0.534484 0.559561 0.053187 0.030801
0 0.320891 0.374453 0.040313 0.018906
0 0.362602 0.419590 0.039766 0.025195
0 0.381641 0.432539 0.045344 0.025898
0 0.405992 0.446885 0.051516 0.027988
0 0.417469 0.469980 0.043125 0.022383
0 0.467570 0.391602 0.023516 0.033594
0 0.486328 0.402441 0.019594 0.038477
0 0.507047 0.419238 0.024062 0.031484
0 0.529164 0.436387 0.021266 0.030781
0 0.896164 0.855234 0.057672 0.041289
0 0.856125 0.822695 0.053750 0.035000
0 0.820023 0.794004 0.056547 0.035000
0 0.788664 0.769160 0.054297 0.035703
0 0.746391 0.743613 0.051500 0.033594
0 0.717562 0.717373 0.052062 0.030098
0 0.697680 0.691475 0.057109 0.031504
0 0.668289 0.666279 0.056547 0.028691
0 0.636102 0.640742 0.054859 0.033594
0 0.607820 0.617637 0.057672 0.033594
0 0.579836 0.598398 0.055422 0.035703
0 0.557711 0.578096 0.050391 0.028691
0 0.505367 0.535420 0.052078 0.030098
0 0.483250 0.518623 0.047031 0.030098
0 0.472344 0.498330 0.046469 0.028691
0 0.449937 0.481875 0.046469 0.030781
0 0.972836 0.769160 0.027484 0.058086
0 0.933922 0.738369 0.028063 0.052480
0 0.975078 0.687627 0.044281 0.055996
0 0.902008 0.717021 0.029172 0.047598
0 0.867578 0.683779 0.025250 0.048301
0 0.840148 0.668730 0.023016 0.048984
0 0.810477 0.642139 0.028609 0.044785
0 0.780516 0.622197 0.023562 0.045488
0 0.751125 0.599795 0.027500 0.046895
0 0.721172 0.581260 0.025812 0.053184
0 0.692617 0.560605 0.029172 0.046875
0 0.948203 0.596650 0.046531 0.043379
0 0.893055 0.559199 0.043734 0.041289
0 0.830633 0.583008 0.055484 0.049688
0 0.847984 0.527715 0.046531 0.041289
0 0.779672 0.545908 0.045406 0.039902
0 0.765398 0.447930 0.029172 0.032891
0 0.739367 0.515811 0.043172 0.037090
0 0.666867 0.545908 0.022453 0.042676
0 0.089523 0.617051 0.047078 0.034375
0 0.977039 0.300820 0.035328 0.025195
0 0.029055 0.654150 0.047078 0.035762
0 0.055094 0.633848 0.054375 0.037148
0 0.966680 0.313066 0.034766 0.024492
0 0.956625 0.235039 0.021281 0.022383
0 0.631305 0.386699 0.042047 0.030781
0 0.548172 0.329316 0.032531 0.032187
0 0.512336 0.360107 0.040359 0.039199
0 0.475102 0.334551 0.035328 0.032891
0 0.580086 0.406641 0.035891 0.034297
0 0.646148 0.448281 0.037016 0.039180
0 0.946242 0.332813 0.033641 0.030781
0 0.927203 0.341211 0.035875 0.032187
0 0.915727 0.348555 0.039797 0.032891
0 0.902852 0.360459 0.042047 0.028691
0 0.885492 0.368857 0.049891 0.028691
0 0.921891 0.221533 0.031969 0.022402
0 0.901172 0.233086 0.030844 0.023086
0 0.882977 0.237979 0.037016 0.021699
0 0.804594 0.288721 0.031406 0.023809
0 0.785281 0.297119 0.030844 0.023809
0 0.769320 0.304121 0.035891 0.025195
0 0.750570 0.314619 0.042047 0.027988
0 0.551250 0.451436 0.020781 0.038496
0 0.573367 0.464385 0.020203 0.039199
0 0.595758 0.482920 0.022453 0.046895
0 0.691219 0.480830 0.040938 0.038496
0 0.619281 0.506025 0.019094 0.038496
0 0.333484 0.394395 0.047594 0.023789
0 0.379398 0.326162 0.017359 0.031504
0 0.363437 0.313564 0.021281 0.028691
0 0.347484 0.303066 0.018469 0.023086
0 0.334328 0.292227 0.023500 0.025195
0 0.318930 0.282070 0.020703 0.024492
0 0.305781 0.271572 0.020156 0.025879
0 0.291219 0.262119 0.022406 0.029395
0 0.274422 0.257568 0.023500 0.028691
0 0.264906 0.242539 0.021281 0.025195
0 0.287266 0.207891 0.025813 0.018906
0 0.308266 0.219434 0.024125 0.026602
0 0.328422 0.234834 0.024125 0.023809
0 0.348852 0.246729 0.029172 0.026582
0 0.443781 0.372002 0.018469 0.027988
0 0.398992 0.342959 0.022953 0.030098
0 0.363156 0.180947 0.019594 0.019590
0 0.351406 0.174287 0.018469 0.020293
0 0.336289 0.166943 0.018484 0.020996
0 0.375758 0.189346 0.016797 0.019590
0 0.387789 0.193535 0.016234 0.023789
0 0.402633 0.201240 0.017922 0.026582
0 0.417187 0.214541 0.013438 0.022402
0 0.431742 0.221885 0.016797 0.024512
0 0.444906 0.228535 0.018469 0.025195
0 0.458625 0.241484 0.019031 0.025898
0 0.479055 0.249521 0.018484 0.020996
0 0.275820 0.395439 0.040859 0.028691
0 0.277781 0.328262 0.029125 0.034297
0 0.247828 0.372344 0.042000 0.025898
0 0.251461 0.308662 0.029109 0.031504
0 0.226828 0.288721 0.026875 0.023809
0 0.230055 0.148506 0.021328 0.019668
0 0.332508 0.669883 0.037016 0.039258
0 0.364703 0.647139 0.056594 0.042754
0 0.090672 0.475684 0.025750 0.041367
0 0.064914 0.485479 0.029109 0.045566
0 0.035523 0.503320 0.030797 0.039258
0 0.077203 0.407793 0.039250 0.023164
0 0.048930 0.425684 0.043172 0.025195
0 0.147219 0.504375 0.022406 0.042773
0 0.116141 0.520820 0.027438 0.043477
0 0.087875 0.536250 0.024625 0.041992
0 0.055398 0.549863 0.024641 0.041367
0 0.025727 0.565605 0.025766 0.039258
0 0.276523 0.476387 0.040359 0.038555
0 0.170703 0.563867 0.045969 0.032969
0 0.148867 0.584854 0.053797 0.032949
0 0.107438 0.598857 0.052688 0.035762
