0 0.300602 0.822959 0.028578 0.047910
0 0.596680 0.861406 0.026453 0.041328
0 0.587125 0.953262 0.027937 0.048672
0 0.284000 0.867383 0.031594 0.051445
0 0.263055 0.905039 0.035266 0.051445
0 0.227047 0.983115 0.033812 0.031230
0 0.492039 0.401465 0.013609 0.021797
0 0.498211 0.383125 0.014891 0.021250
0 0.510328 0.356279 0.011906 0.016465
0 0.505867 0.365840 0.010641 0.012227
0 0.322297 0.789785 0.028063 0.038984
0 0.335047 0.754697 0.032156 0.044082
0 0.357664 0.696729 0.028703 0.039473
0 0.371492 0.668818 0.026578 0.038574
0 0.393992 0.617656 0.020547 0.032813
0 0.384195 0.643369 0.020203 0.031387
0 0.618812 0.682646 0.019844 0.033184
0 0.622617 0.652666 0.019391 0.030605
0 0.624430 0.624600 0.018922 0.030605
0 0.628789 0.580264 0.017359 0.027441
0 0.451148 0.490000 0.015297 0.022969
0 0.465234 0.460664 0.018875 0.022969
0 0.471359 0.446621 0.012750 0.019141
0 0.480516 0.434189 0.014750 0.019785
