0 0.296633 0.200117 0.031141 0.025547
0 0.407102 0.827246 0.106078 0.058398
0 0.546273 0.493906 0.024328 0.053516
0 0.549188 0.451328 0.028219 0.041367
0 0.417320 0.270674 0.029203 0.030410
0 0.336055 0.202539 0.032109 0.025547
0 0.187141 0.220791 0.034062 0.020684
0 0.229969 0.219580 0.036000 0.023105
0 0.266469 0.220186 0.027250 0.021895
0 0.302477 0.273711 0.031141 0.026758
0 0.298102 0.241475 0.024328 0.030410
0 0.273281 0.239043 0.021406 0.020664
0 0.259648 0.263984 0.031141 0.019453
0 0.394937 0.236611 0.027250 0.020684
0 0.387148 0.265801 0.031141 0.032852
0 0.447492 0.274932 0.031141 0.034082
0 0.456734 0.237217 0.032125 0.024316
0 0.425586 0.237832 0.032109 0.032852
