0 0.314539 0.857559 0.045422 0.040195
0 0.362297 0.816230 0.041844 0.035078
0 0.451734 0.558203 0.029531 0.026211
0 0.477570 0.541592 0.025703 0.023262
0 0.499125 0.527012 0.021562 0.017734
0 0.518766 0.513721 0.023625 0.017715
0 0.569398 0.530693 0.036359 0.019199
0 0.558914 0.541221 0.033109 0.019551
0 0.588281 0.427412 0.030875 0.015059
0 0.077438 0.739277 0.042563 0.021250
0 0.101523 0.725547 0.034766 0.022148
0 0.127578 0.704277 0.037250 0.023047
0 0.158227 0.692764 0.039016 0.016816
0 0.174891 0.678369 0.041156 0.021699
0 0.198461 0.663311 0.037953 0.022598
0 0.226805 0.652012 0.040797 0.022148
0 0.243461 0.640049 0.040078 0.021270
0 0.266852 0.619893 0.037234 0.019941
0 0.289008 0.608818 0.036891 0.016387
0 0.307430 0.599072 0.036891 0.019043
0 0.327453 0.584668 0.029438 0.019492
0 0.357930 0.568281 0.032297 0.018594
0 0.478906 0.644600 0.043375 0.027480
0 0.731773 0.575068 0.034703 0.027480
0 0.722078 0.584326 0.037750 0.026855
0 0.677680 0.527861 0.035734 0.023652
0 0.663398 0.576348 0.025516 0.030039
0 0.618484 0.591973 0.029594 0.025586
0 0.645523 0.569326 0.022453 0.026230
0 0.612617 0.619717 0.029078 0.024941
0 0.592453 0.615576 0.027562 0.024316
0 0.590672 0.641084 0.031125 0.026855
0 0.563367 0.666924 0.032672 0.035137
0 0.543977 0.662139 0.027547 0.028145
0 0.317648 0.773135 0.043391 0.031973
0 0.336023 0.760059 0.038266 0.032578
0 0.366641 0.734854 0.042344 0.030684
0 0.401594 0.712217 0.038781 0.030059
0 0.582250 0.727529 0.040813 0.036426
0 0.514383 0.687373 0.031641 0.032520
0 0.481719 0.714160 0.036750 0.031250
0 0.449313 0.744785 0.036219 0.036367
0 0.425586 0.787842 0.040828 0.037012
0 0.423969 0.579990 0.029531 0.021777
0 0.395617 0.598633 0.031297 0.022148
0 0.363867 0.616162 0.036328 0.022520
0 0.333898 0.640342 0.036609 0.023613
0 0.303922 0.658975 0.035156 0.022520
0 0.386281 0.666074 0.041844 0.028828
0 0.338086 0.703066 0.046109 0.028398
0 0.498977 0.585449 0.034766 0.020859
0 0.489406 0.594307 0.035469 0.023535
0 0.459289 0.613135 0.035484 0.023066
0 0.467609 0.602500 0.039375 0.023086
0 0.484039 0.489883 0.035797 0.018164
0 0.289328 0.692441 0.033688 0.023672
0 0.240594 0.701367 0.038281 0.030039
0 0.201555 0.724014 0.034703 0.026855
0 0.229617 0.841396 0.043891 0.034512
0 0.211758 0.855430 0.038797 0.029414
0 0.606492 0.540625 0.031141 0.022383
0 0.600367 0.550518 0.035203 0.023027
0 0.590672 0.557207 0.038281 0.023672
0 0.578172 0.565820 0.035719 0.024297
0 0.538109 0.596123 0.040313 0.028770
0 0.526625 0.606328 0.038781 0.027500
0 0.503914 0.624502 0.036234 0.028145
