0 0.407844 0.507168 0.029375 0.036719
0 0.446039 0.450371 0.036828 0.038672
0 0.385523 0.486113 0.026234 0.047500
0 0.368875 0.467754 0.025062 0.039180
0 0.350078 0.453555 0.025062 0.038203
0 0.620148 0.339717 0.033297 0.028887
0 0.788773 0.252314 0.027422 0.021543
0 0.803133 0.276465 0.028984 0.024961
0 0.587016 0.316055 0.043406 0.022852
0 0.606602 0.304014 0.038203 0.024082
0 0.627492 0.295645 0.031016 0.024492
0 0.648547 0.287080 0.031344 0.019590
0 0.745977 0.236279 0.036891 0.022441
0 0.769484 0.228525 0.027094 0.021621
0 0.599453 0.677725 0.029906 0.051543
0 0.708117 0.377861 0.040141 0.029785
0 0.723125 0.367051 0.038844 0.024492
0 0.743203 0.358887 0.033937 0.027734
0 0.756266 0.344814 0.040469 0.028965
0 0.772094 0.338691 0.036875 0.028164
0 0.572945 0.650215 0.031016 0.047305
0 0.546711 0.625898 0.028203 0.045195
0 0.521047 0.604746 0.032156 0.046602
0 0.491437 0.586416 0.027062 0.052246
0 0.564484 0.550459 0.044562 0.042363
0 0.526406 0.516963 0.042875 0.038848
0 0.569836 0.450693 0.025953 0.034629
0 0.468562 0.565674 0.025469 0.050918
0 0.484820 0.483428 0.041516 0.038184
0 0.444086 0.551240 0.028203 0.043574
0 0.097172 0.313945 0.025937 0.026094
0 0.078000 0.299463 0.021437 0.026855
0 0.115227 0.336826 0.028203 0.033926
0 0.147945 0.379834 0.040609 0.022637
0 0.155555 0.399229 0.043422 0.023340
0 0.175859 0.422139 0.042312 0.028262
0 0.191375 0.435537 0.044000 0.028262
0 0.211406 0.451045 0.045625 0.026855
0 0.102531 0.398877 0.037781 0.025449
0 0.081664 0.378076 0.036672 0.023340
0 0.220984 0.468320 0.044562 0.026172
0 0.246078 0.485586 0.044000 0.031094
0 0.264133 0.503223 0.051891 0.029687
0 0.269484 0.521543 0.046812 0.029687
0 0.288953 0.539883 0.055281 0.029687
0 0.314891 0.422793 0.025375 0.033555
0 0.332750 0.438652 0.023500 0.032383
0 0.823672 0.206084 0.027094 0.022441
0 0.805063 0.321357 0.034281 0.026113
0 0.793477 0.328486 0.033953 0.028145
0 0.312641 0.563496 0.054156 0.036016
0 0.346016 0.602373 0.056844 0.033496
0 0.088906 0.478506 0.028500 0.037559
0 0.092156 0.666338 0.049625 0.047715
0 0.133578 0.645010 0.049625 0.041621
0 0.369977 0.623184 0.056047 0.038594
0 0.391898 0.644502 0.056047 0.034512
0 0.420742 0.671416 0.055234 0.035527
0 0.445508 0.699834 0.060922 0.035527
0 0.460539 0.724707 0.053609 0.028438
0 0.486930 0.751611 0.056047 0.039590
0 0.610750 0.585107 0.048813 0.049746
0 0.627445 0.697803 0.028422 0.053809
0 0.658313 0.729287 0.028437 0.051777
0 0.748828 0.698311 0.040687 0.044668
0 0.638781 0.532822 0.046375 0.040605
0 0.681422 0.565820 0.047187 0.043672
0 0.734219 0.604912 0.048813 0.046699
0 0.793094 0.648564 0.041500 0.038574
0 0.524703 0.778018 0.056844 0.035527
0 0.550289 0.806943 0.057672 0.034512
0 0.689578 0.750596 0.027625 0.049746
0 0.725727 0.787666 0.023547 0.062949
0 0.588828 0.839941 0.061813 0.031484
0 0.625375 0.870400 0.061813 0.037559
0 0.156258 0.280020 0.022078 0.025313
0 0.127117 0.266797 0.017391 0.025898
0 0.124766 0.250352 0.018344 0.023555
0 0.271648 0.219502 0.020672 0.019434
0 0.297508 0.233008 0.017859 0.024141
0 0.308781 0.245059 0.024437 0.023555
0 0.326875 0.253574 0.023031 0.024141
0 0.200445 0.319678 0.026797 0.031777
0 0.214070 0.331719 0.021141 0.032383
0 0.229117 0.348174 0.025859 0.031191
0 0.373883 0.335244 0.030547 0.034707
0 0.301734 0.339062 0.032906 0.032969
0 0.331344 0.362861 0.034781 0.031191
0 0.361898 0.386367 0.030078 0.034727
0 0.390570 0.410449 0.032891 0.035898
0 0.264125 0.378135 0.021625 0.030020
0 0.282227 0.394883 0.027734 0.032969
0 0.298680 0.406045 0.024922 0.036504
