0 0.046508 0.722617 0.064234 0.041367
0 0.446023 0.364346 0.022391 0.027988
0 0.649914 0.493906 0.036984 0.034063
0 0.688359 0.521885 0.039906 0.036504
0 0.594930 0.456807 0.036016 0.027988
0 0.513180 0.407529 0.030172 0.036504
0 0.471336 0.378945 0.032109 0.018242
0 0.021313 0.629551 0.042625 0.035273
0 0.152602 0.602783 0.070078 0.030410
0 0.033961 0.682480 0.067922 0.051094
0 0.066469 0.768242 0.073000 0.049883
0 0.505398 0.707412 0.051578 0.054746
0 0.809531 0.602188 0.038937 0.041367
0 0.969969 0.781621 0.060063 0.074219
0 0.966406 0.708008 0.057813 0.044922
0 0.445312 0.391602 0.031250 0.025391
