0 0.413906 0.292568 0.028219 0.030410
0 0.393750 0.930664 0.084375 0.060547
0 0.393750 0.930664 0.084375 0.060547
0 0.551625 0.544395 0.029188 0.066914
0 0.553570 0.490264 0.025297 0.048652
0 0.455273 0.257295 0.035047 0.027988
0 0.426563 0.257295 0.032125 0.023105
0 0.398344 0.259111 0.028219 0.031621
0 0.330703 0.216543 0.038938 0.017031
0 0.293719 0.213496 0.035031 0.020664
0 0.261602 0.234170 0.035047 0.020684
0 0.217312 0.233564 0.034062 0.021895
0 0.178875 0.234180 0.038937 0.023125
0 0.213430 0.259727 0.030172 0.027969
0 0.262086 0.254248 0.022391 0.021895
0 0.292742 0.258506 0.033078 0.037715
0 0.296148 0.292568 0.032109 0.030410
0 0.246023 0.289521 0.036984 0.029199
0 0.383734 0.290137 0.034063 0.025547
0 0.445547 0.295000 0.040875 0.032852
