0 0.951461 0.700850 0.033047 0.031113
0 0.968562 0.646406 0.016719 0.025273
0 0.950102 0.637178 0.017109 0.028184
0 0.936258 0.627461 0.015172 0.022852
0 0.921195 0.619521 0.019766 0.023887
0 0.903539 0.607578 0.015547 0.025117
0 0.885070 0.602490 0.021391 0.021504
0 0.913016 0.577256 0.021031 0.022598
0 0.985477 0.657109 0.017109 0.031094
0 0.871719 0.589072 0.014250 0.020254
0 0.901961 0.657725 0.027422 0.037793
0 0.870047 0.639521 0.028562 0.036387
0 0.840648 0.621328 0.030234 0.030781
0 0.909391 0.709639 0.037312 0.027207
0 0.876148 0.686309 0.039266 0.026250
0 0.922609 0.770146 0.042000 0.034512
0 0.823656 0.825215 0.040594 0.033242
0 0.388078 0.743018 0.043875 0.027559
0 0.420031 0.738516 0.038031 0.026992
0 0.452664 0.732744 0.035328 0.027285
0 0.480906 0.725547 0.037906 0.027539
0 0.516477 0.718779 0.037328 0.027402
0 0.580484 0.708691 0.042938 0.031484
0 0.614312 0.703740 0.038719 0.029746
0 0.658633 0.693818 0.040578 0.023926
0 0.694789 0.688857 0.037328 0.027988
0 0.510641 0.827725 0.032656 0.028574
0 0.546562 0.825391 0.031719 0.033242
0 0.583891 0.820439 0.028000 0.027988
0 0.618883 0.811104 0.027047 0.037324
0 0.652234 0.804688 0.026594 0.033828
0 0.686891 0.797344 0.027406 0.036289
0 0.720313 0.793135 0.025188 0.037910
0 0.752273 0.785264 0.023797 0.037324
0 0.786328 0.777100 0.024719 0.037324
0 0.665031 0.880039 0.047125 0.039062
0 0.694648 0.865742 0.055047 0.040820
0 0.733609 0.855547 0.053656 0.033242
0 0.791227 0.835430 0.041984 0.025664
0 0.820906 0.514072 0.020062 0.020410
0 0.563078 0.450488 0.012187 0.013281
0 0.551750 0.442578 0.012031 0.013867
0 0.541047 0.437500 0.011875 0.014258
0 0.529172 0.431738 0.011250 0.012500
0 0.956898 0.602402 0.021328 0.026992
0 0.932734 0.591602 0.021594 0.024297
