0 0.941969 0.408154 0.044906 0.035723
0 0.666656 0.452490 0.055625 0.033809
0 0.791180 0.453457 0.044391 0.040820
0 0.866195 0.467480 0.044391 0.034453
0 0.803680 0.521064 0.055109 0.043379
0 0.764391 0.510225 0.057156 0.039551
0 0.687070 0.495557 0.053578 0.038262
0 0.606945 0.476416 0.056641 0.040840
0 0.534484 0.462061 0.055625 0.041465
0 0.496727 0.453457 0.042359 0.038281
0 0.461000 0.447393 0.041344 0.029980
0 0.439539 0.432070 0.059672 0.041484
0 0.901148 0.474814 0.038797 0.037637
0 0.888648 0.392529 0.045422 0.036348
0 0.849609 0.419961 0.047969 0.035078
0 0.797555 0.404658 0.059203 0.041465
0 0.730453 0.393486 0.049500 0.037012
0 0.772547 0.355215 0.033688 0.031914
0 0.551328 0.394756 0.035219 0.031895
0 0.584750 0.403691 0.035719 0.033164
0 0.619703 0.409434 0.034187 0.042109
0 0.653391 0.414863 0.037250 0.044023
0 0.457430 0.374990 0.033172 0.029355
0 0.418648 0.367012 0.033172 0.024883
0 0.348477 0.353301 0.028578 0.028086
0 0.317602 0.343730 0.023984 0.034453
0 0.288508 0.338633 0.025016 0.034453
0 0.317602 0.410078 0.047453 0.036992
0 0.242328 0.427617 0.044906 0.035078
0 0.249469 0.243584 0.023469 0.026777
0 0.262062 0.333057 0.022719 0.024355
0 0.239031 0.328848 0.022719 0.030117
0 0.213695 0.323535 0.021641 0.022148
0 0.191547 0.319766 0.022000 0.024375
0 0.166023 0.314014 0.019172 0.027910
0 0.140695 0.316445 0.022359 0.025703
0 0.209266 0.241582 0.017750 0.020391
0 0.161961 0.236260 0.020234 0.023027
0 0.682523 0.299727 0.029766 0.027109
0 0.149664 0.359521 0.045922 0.037207
0 0.109023 0.351553 0.038734 0.032949
0 0.254578 0.610059 0.060219 0.040195
0 0.083008 0.785068 0.048984 0.030684
0 0.137609 0.750928 0.068375 0.032598
0 0.159547 0.719043 0.072469 0.035156
0 0.190938 0.687139 0.061750 0.036426
0 0.199352 0.659053 0.073484 0.036465
0 0.008242 0.732119 0.015828 0.049824
0 0.030180 0.697676 0.039297 0.051094
0 0.058250 0.667061 0.037250 0.042168
0 0.087344 0.639941 0.043375 0.044063
0 0.121023 0.616348 0.038266 0.045352
0 0.145516 0.587637 0.037250 0.042812
0 0.174602 0.562754 0.039297 0.041523
0 0.312695 0.491387 0.051984 0.038398
0 0.093055 0.476104 0.036234 0.049121
0 0.919266 0.558389 0.048469 0.042754
0 0.846289 0.531279 0.048484 0.035723
