0 0.074711 0.967959 0.047766 0.040410
0 0.126961 0.926631 0.047766 0.040410
0 0.201508 0.899062 0.046953 0.045937
0 0.179094 0.888047 0.035937 0.036758
0 0.248500 0.859111 0.044094 0.041348
0 0.291203 0.824199 0.044094 0.037656
0 0.270258 0.812754 0.040422 0.040352
0 0.312109 0.780576 0.041812 0.034902
0 0.426039 0.674932 0.047766 0.031230
0 0.379750 0.753018 0.036000 0.040410
0 0.359133 0.741074 0.037547 0.036758
0 0.408336 0.816396 0.043359 0.036738
0 0.424531 0.802617 0.052250 0.038594
0 0.455773 0.768164 0.048578 0.035820
0 0.471539 0.753936 0.044828 0.034902
0 0.212469 0.613564 0.044406 0.022949
0 0.231430 0.598857 0.042922 0.017285
0 0.248781 0.587383 0.032719 0.022383
0 0.371766 0.517207 0.037812 0.018555
0 0.382992 0.508916 0.041891 0.014746
0 0.401875 0.501270 0.034750 0.019844
0 0.496031 0.442578 0.031187 0.016016
0 0.113766 0.853906 0.047156 0.042188
0 0.154492 0.824473 0.041641 0.039805
0 0.192766 0.796924 0.041031 0.033691
0 0.213883 0.781611 0.047766 0.038262
0 0.299930 0.721133 0.038578 0.030625
0 0.317695 0.710420 0.044703 0.029082
0 0.330547 0.693965 0.034906 0.029844
0 0.023438 0.723437 0.033062 0.021445
0 0.085602 0.818359 0.044703 0.032148
0 0.280031 0.734541 0.044094 0.032910
0 0.108867 0.802666 0.045922 0.031387
0 0.125398 0.787734 0.049609 0.026016
0 0.015789 0.931641 0.031234 0.030625
0 0.035070 0.915957 0.035516 0.028320
0 0.054977 0.899883 0.036141 0.029844
0 0.010273 0.799990 0.020203 0.027559
0 0.046094 0.773184 0.036750 0.032148
0 0.077328 0.781230 0.035531 0.029844
0 0.088352 0.747168 0.033078 0.030625
0 0.130602 0.716543 0.040422 0.039805
0 0.240219 0.648418 0.030625 0.022969
0 0.173172 0.690898 0.034906 0.035977
0 0.239000 0.669854 0.030625 0.027559
0 0.153680 0.773584 0.043234 0.028379
0 0.173172 0.761846 0.036844 0.028848
0 0.188758 0.747012 0.036859 0.028398
0 0.231117 0.719980 0.042172 0.028398
0 0.243875 0.706475 0.045719 0.026191
0 0.271687 0.694512 0.043938 0.023516
0 0.287289 0.679004 0.045359 0.026172
0 0.558563 0.509727 0.030125 0.018164
0 0.533047 0.522119 0.034375 0.019043
0 0.592055 0.478936 0.032609 0.017715
0 0.615797 0.494443 0.021969 0.020371
