0 0.606250 0.637695 0.050000 0.052734
0 0.451562 0.671875 0.040625 0.054688
0 0.352602 0.691602 0.043797 0.049883
0 0.314641 0.699512 0.037969 0.058398
0 0.240672 0.718975 0.032125 0.063262
0 0.157945 0.735996 0.030172 0.068125
0 0.083500 0.745732 0.042812 0.065684
0 0.091766 0.573594 0.020437 0.057187
0 0.123883 0.576025 0.032109 0.054746
0 0.161844 0.565693 0.037969 0.055957
0 0.223641 0.555352 0.033094 0.049883
0 0.391039 0.530400 0.035047 0.053535
0 0.426070 0.522490 0.036984 0.054746
0 0.460625 0.508506 0.034063 0.055957
0 0.490305 0.503037 0.036984 0.054746
0 0.636297 0.621641 0.042813 0.058398
0 0.671336 0.619814 0.044766 0.064473
0 0.736055 0.604004 0.049641 0.057187
