0 0.645055 0.492695 0.038922 0.031641
0 0.599805 0.459238 0.043797 0.035273
0 0.446031 0.368604 0.020437 0.031621
0 0.470844 0.379551 0.029188 0.026758
0 0.478141 0.406924 0.028219 0.035293
0 0.450406 0.414229 0.040875 0.035293
0 0.030070 0.681865 0.060141 0.047441
0 0.142867 0.608262 0.056453 0.048672
0 0.061602 0.768848 0.076891 0.043789
0 0.563305 0.757295 0.058391 0.054746
0 0.512203 0.711064 0.055469 0.047441
0 0.760156 0.601562 0.048438 0.039062
0 0.893711 0.697676 0.051578 0.049883
0 0.812937 0.604619 0.047687 0.038926
0 0.048438 0.721387 0.078125 0.044336
0 0.502344 0.517578 0.051562 0.031250
0 0.514062 0.657227 0.046875 0.048828
0 0.966219 0.705586 0.060344 0.043789
0 0.688367 0.520674 0.036016 0.041348
