0 0.161844 0.396592 0.055469 0.029199
0 0.090313 0.410576 0.038937 0.035293
0 0.607586 0.353398 0.037953 0.027969
0 0.523891 0.282236 0.028219 0.029199
0 0.610023 0.321768 0.036984 0.023105
0 0.390555 0.457412 0.055484 0.026777
0 0.399313 0.481748 0.065219 0.029199
0 0.609531 0.298047 0.039906 0.021914
0 0.621875 0.856445 0.081250 0.064453
0 0.628125 0.905273 0.075000 0.072266
0 0.626563 0.956055 0.087500 0.072266
0 0.250781 0.416016 0.045312 0.031250
0 0.626563 0.770508 0.065625 0.056641
0 0.609375 0.652344 0.062500 0.046875
0 0.623437 0.735352 0.065625 0.048828
0 0.630469 0.984375 0.092188 0.031250
0 0.313281 0.846680 0.076563 0.076172
0 0.126562 0.442383 0.046875 0.029297
0 0.517969 0.329102 0.045312 0.033203
0 0.618297 0.581494 0.053531 0.046230
0 0.606617 0.551699 0.051578 0.032852
0 0.615367 0.529189 0.057422 0.031621
0 0.149195 0.416045 0.043797 0.029199
