0 0.545312 0.516602 0.050000 0.029297
0 0.472656 0.529297 0.048438 0.035156
0 0.812500 0.607422 0.046875 0.039062
0 0.967969 0.711914 0.054688 0.044922
0 0.724219 0.610352 0.054688 0.041016
0 0.713664 0.570547 0.045734 0.034062
0 0.690312 0.523105 0.036000 0.036484
0 0.651383 0.493301 0.032109 0.037695
0 0.142867 0.600967 0.056453 0.031621
0 0.064516 0.768232 0.073000 0.037715
0 0.048953 0.725059 0.061313 0.043789
0 0.031430 0.687344 0.057422 0.043789
0 0.505398 0.711670 0.057422 0.055957
0 0.563305 0.757900 0.064234 0.058379
