0 0.173031 0.554736 0.060344 0.036504
0 0.104422 0.545000 0.051594 0.034062
0 0.229484 0.497559 0.058406 0.034063
0 0.087875 0.615566 0.047688 0.048672
0 0.039062 0.544922 0.056250 0.039062
0 0.370312 0.502930 0.056250 0.025391
0 0.399219 0.628906 0.048438 0.050781
0 0.032813 0.717773 0.065625 0.064453
0 0.218750 0.623047 0.043750 0.050781
0 0.451562 0.632812 0.053125 0.050781
0 0.177344 0.619141 0.045312 0.046875
0 0.502344 0.751953 0.067187 0.066406
0 0.510938 0.636719 0.056250 0.054688
0 0.382031 0.750000 0.064062 0.066406
0 0.081250 0.723633 0.068750 0.068359
0 0.132812 0.728516 0.062500 0.058594
0 0.439844 0.750977 0.064062 0.060547
0 0.132031 0.665039 0.073438 0.041016
0 0.221875 0.745117 0.062500 0.060547
0 0.100047 0.481748 0.035031 0.036504
0 0.292742 0.500605 0.060328 0.035273
