0 0.094641 0.766416 0.059469 0.036504
0 0.420859 0.857617 0.080156 0.066016
0 0.128906 0.530273 0.048438 0.033203
0 0.334375 0.737305 0.071875 0.060547
0 0.358594 0.790039 0.076563 0.083984
0 0.306250 0.704102 0.065625 0.056641
0 0.167969 0.960938 0.073438 0.066406
0 0.291609 0.813730 0.079687 0.052734
0 0.317266 0.870117 0.083281 0.055859
0 0.513281 0.701172 0.067187 0.050781
0 0.042188 0.895508 0.075000 0.068359
0 0.250844 0.758516 0.062375 0.049883
0 0.482961 0.939775 0.076984 0.057168
0 0.391969 0.827246 0.060437 0.053516
0 0.123844 0.830889 0.073094 0.048652
0 0.068852 0.959854 0.070172 0.046230
0 0.578820 0.675781 0.056547 0.045000
0 0.477125 0.664219 0.047781 0.034062
0 0.420680 0.613740 0.057516 0.040137
0 0.454258 0.565078 0.042922 0.037695
0 0.366172 0.560215 0.051687 0.027969
0 0.255711 0.620430 0.056547 0.034062
0 0.214352 0.698896 0.055578 0.040137
0 0.150602 0.601572 0.048766 0.030410
0 0.356930 0.915439 0.076016 0.069355
0 0.386125 0.979316 0.091594 0.041367
0 0.952602 0.474443 0.042828 0.031621
0 0.449383 0.645371 0.050703 0.045000
0 0.144281 0.863125 0.061406 0.049883
0 0.084906 0.745127 0.065312 0.037715
0 0.190508 0.659971 0.058484 0.045020
0 0.208023 0.678828 0.054609 0.031641
