0 0.711719 0.798828 0.067187 0.058594
0 0.810937 0.649619 0.045844 0.029199
0 0.907297 0.717754 0.047781 0.046211
0 0.842570 0.798047 0.070172 0.053516
0 0.875180 0.816299 0.051672 0.046230
0 0.864953 0.924561 0.068219 0.055957
0 0.967195 0.764590 0.052547 0.052305
0 0.960867 0.692813 0.055484 0.045000
0 0.912203 0.656924 0.053531 0.038926
0 0.818734 0.593662 0.053625 0.038926
0 0.939945 0.741475 0.052547 0.049863
0 0.526758 0.817510 0.065297 0.048652
0 0.418734 0.833320 0.067250 0.051094
0 0.350648 0.589404 0.055484 0.040137
0 0.787586 0.630771 0.041953 0.040137
0 0.925297 0.973838 0.064344 0.052324
0 0.835758 0.661182 0.048766 0.035293
0 0.646953 0.961055 0.081844 0.068125
0 0.666414 0.757295 0.064328 0.052324
