0 0.693719 0.742686 0.035031 0.064473
0 0.442188 0.802734 0.078125 0.058594
0 0.356250 0.788086 0.078125 0.052734
0 0.069531 0.700195 0.057813 0.041016
0 0.541406 0.796875 0.073438 0.062500
0 0.380469 0.682617 0.039062 0.044922
0 0.656250 0.734375 0.031250 0.058594
0 0.082812 0.634766 0.040625 0.039062
0 0.275000 0.771484 0.075000 0.046875
0 0.549219 0.719727 0.035937 0.044922
0 0.617188 0.721680 0.031250 0.048828
0 0.867188 0.935547 0.065625 0.058594
0 0.478125 0.918945 0.050000 0.072266
0 0.483500 0.703760 0.035031 0.062051
0 0.511719 0.537705 0.040875 0.038926
0 0.759898 0.623467 0.066172 0.045020
0 0.645055 0.674570 0.044766 0.052305
0 0.690797 0.686133 0.046719 0.051094
0 0.729242 0.686729 0.051578 0.045020
0 0.429000 0.641113 0.040875 0.053516
0 0.395422 0.640498 0.036000 0.047441
0 0.364758 0.641113 0.044766 0.055977
0 0.283500 0.677607 0.049625 0.060840
0 0.229484 0.659365 0.040875 0.046230
0 0.195906 0.659961 0.043781 0.049883
0 0.163789 0.653281 0.043797 0.041367
0 0.135078 0.647188 0.040875 0.041367
0 0.031914 0.625303 0.038922 0.046230
0 0.084469 0.529795 0.046719 0.040137
0 0.287875 0.506689 0.029188 0.030410
0 0.313664 0.510947 0.032109 0.029199
0 0.412937 0.523721 0.036000 0.027988
0 0.444078 0.524326 0.041844 0.029199
0 0.201266 0.495127 0.027250 0.024316
0 0.172063 0.495732 0.033094 0.037715
0 0.146758 0.490869 0.027266 0.035293
0 0.114156 0.484170 0.032125 0.038926
0 0.079602 0.477480 0.023359 0.032852
0 0.436781 0.912393 0.033094 0.080293
0 0.518531 0.919697 0.038938 0.080293
