0 0.446461 0.649023 0.056547 0.042578
0 0.362766 0.554121 0.046813 0.025547
0 0.383203 0.580889 0.044875 0.037715
0 0.397805 0.602783 0.044859 0.037715
0 0.423102 0.611309 0.056547 0.042578
0 0.203156 0.678828 0.058500 0.034062
0 0.190500 0.659961 0.060437 0.042578
0 0.115563 0.808379 0.068219 0.042578
0 0.388555 0.978096 0.082828 0.043809
0 0.663008 0.756680 0.065297 0.048672
0 0.029586 0.849141 0.059172 0.034062
0 0.081016 0.743906 0.053625 0.032852
0 0.121891 0.833936 0.071156 0.057168
0 0.480039 0.940381 0.092547 0.058379
0 0.318969 0.862520 0.081844 0.048672
0 0.386617 0.827852 0.063359 0.057187
0 0.356930 0.914834 0.079891 0.060840
0 0.150602 0.599141 0.048766 0.025547
0 0.255227 0.622861 0.057516 0.036504
0 0.216297 0.696465 0.051687 0.032852
0 0.881555 0.440996 0.042828 0.032852
0 0.877656 0.822373 0.060344 0.065684
0 0.454250 0.565684 0.044875 0.031641
0 0.638195 0.587588 0.052641 0.036504
0 0.526273 0.621641 0.044859 0.041367
0 0.474203 0.660576 0.057531 0.036504
0 0.510211 0.701943 0.065297 0.048652
0 0.576391 0.673350 0.053625 0.049863
0 0.143305 0.861914 0.065297 0.052305
0 0.072750 0.956191 0.074063 0.041367
0 0.360938 0.787109 0.071875 0.074219
0 0.040625 0.900391 0.075000 0.058594
0 0.167187 0.959961 0.075000 0.068359
0 0.334375 0.737305 0.071875 0.060547
0 0.303906 0.703125 0.064062 0.054688
0 0.292969 0.816406 0.079687 0.050781
0 0.421328 0.857715 0.079219 0.065820
0 0.128906 0.530273 0.048438 0.033203
