0 0.249219 0.769531 0.092188 0.070312
0 0.251563 0.594727 0.046875 0.037109
0 0.114844 0.675781 0.039062 0.035156
0 0.200781 0.690430 0.064062 0.056641
0 0.129727 0.709844 0.057422 0.040156
0 0.024234 0.930645 0.048469 0.060820
0 0.305883 0.598525 0.059359 0.038926
0 0.816344 0.731133 0.068125 0.068125
0 0.176930 0.629551 0.042828 0.035273
0 0.085930 0.619824 0.053516 0.035273
0 0.134594 0.576641 0.041844 0.034062
0 0.061602 0.565693 0.045734 0.029199
0 0.288367 0.562041 0.051578 0.036504
0 0.245539 0.519453 0.055484 0.031641
0 0.729727 0.457412 0.036984 0.031621
0 0.831430 0.518232 0.039891 0.046230
0 0.641164 0.406318 0.035047 0.029199
0 0.587148 0.377734 0.028234 0.025547
0 0.561844 0.361309 0.028219 0.024336
0 0.540430 0.349746 0.032109 0.025547
0 0.227047 0.725049 0.073000 0.038926
