0 0.116406 0.674805 0.039062 0.033203
0 0.252344 0.766602 0.085938 0.064453
0 0.231867 0.722617 0.075047 0.041367
0 0.200727 0.686123 0.065297 0.053535
0 0.254734 0.591240 0.052656 0.038926
0 0.306805 0.599746 0.061422 0.036484
0 0.178336 0.633203 0.055578 0.040156
0 0.026664 0.929434 0.053328 0.053516
0 0.751141 0.677607 0.062281 0.058379
0 0.550117 0.388672 0.043891 0.042578
0 0.591961 0.378330 0.028328 0.021895
0 0.139945 0.571768 0.040891 0.031621
0 0.089828 0.617988 0.047688 0.034062
0 0.097117 0.652061 0.050609 0.031621
0 0.059656 0.564463 0.047687 0.029199
