0 0.082523 0.379551 0.033078 0.036484
0 0.353906 0.573242 0.054688 0.048828
0 0.407813 0.574219 0.065625 0.050781
0 0.420312 0.493164 0.043750 0.041016
0 0.371094 0.490234 0.042188 0.039062
0 0.305469 0.573242 0.054688 0.052734
0 0.029687 0.432617 0.046875 0.033203
0 0.171578 0.571162 0.053531 0.047441
0 0.145297 0.483564 0.036000 0.040137
0 0.179359 0.483574 0.039906 0.035273
0 0.142375 0.432480 0.039906 0.025547
0 0.193961 0.395977 0.059359 0.032852
0 0.246031 0.398408 0.048656 0.027988
0 0.088367 0.424570 0.050609 0.031641
0 0.071336 0.480527 0.036016 0.048672
0 0.101016 0.562041 0.056437 0.048652
0 0.060141 0.561426 0.046719 0.052305
0 0.028125 0.556563 0.056250 0.052305
0 0.329727 0.489043 0.044766 0.048672
