0 0.421875 0.480469 0.050000 0.031250
0 0.460625 0.570547 0.032125 0.043789
0 0.507344 0.708027 0.047687 0.058398
0 0.060133 0.766416 0.077859 0.043809
0 0.044078 0.725059 0.073000 0.034062
0 0.030555 0.684912 0.061109 0.046230
0 0.147734 0.602783 0.062281 0.037715
0 0.596391 0.493301 0.038937 0.037695
0 0.598336 0.459238 0.042828 0.032852
0 0.725352 0.580283 0.049641 0.038926
0 0.813914 0.609482 0.045734 0.043809
0 0.968164 0.710449 0.050609 0.051094
0 0.692742 0.517021 0.044766 0.036504
0 0.517078 0.413008 0.034063 0.027969
0 0.469867 0.381982 0.023359 0.029199
0 0.389578 0.352187 0.034063 0.025547
