0 0.316727 0.047793 0.113047 0.094258
0 0.173453 0.034385 0.100500 0.068770
0 0.252930 0.039297 0.119328 0.072031
0 0.849531 0.593613 0.164281 0.142500
0 0.657633 0.547207 0.167422 0.141172
0 0.460508 0.484463 0.187078 0.151621
0 0.279070 0.424990 0.163234 0.145098
0 0.118023 0.366797 0.150484 0.122656
0 0.931047 0.173242 0.080531 0.130859
0 0.841656 0.160215 0.083625 0.130859
0 0.742836 0.132793 0.103484 0.130898
0 0.651359 0.094248 0.079594 0.124395
0 0.556148 0.083740 0.100391 0.121699
0 0.463086 0.062822 0.094141 0.124316
0 0.393008 0.051719 0.123391 0.099492
0 0.986180 0.643877 0.027641 0.109668
0 0.113320 0.023281 0.059516 0.046562
