0 0.318273 0.536797 0.028516 0.019023
0 0.345773 0.522227 0.029703 0.016875
0 0.378750 0.558164 0.022063 0.023906
0 0.394836 0.549443 0.016891 0.019395
0 0.362328 0.513437 0.031969 0.017148
0 0.411375 0.543398 0.019813 0.024180
0 0.424984 0.532432 0.021844 0.028691
0 0.438375 0.522168 0.019812 0.023906
0 0.451531 0.514990 0.018250 0.020254
0 0.464469 0.510068 0.017125 0.024473
0 0.476172 0.499795 0.015781 0.024746
0 0.487539 0.490518 0.017797 0.023066
0 0.500359 0.484336 0.016437 0.018555
0 0.512844 0.476318 0.017125 0.020527
0 0.526016 0.471396 0.017344 0.018574
0 0.536695 0.465488 0.018922 0.018008
0 0.544570 0.457891 0.018016 0.018008
0 0.556047 0.450166 0.016219 0.017715
0 0.565055 0.444961 0.014422 0.018008
0 0.575398 0.438623 0.017109 0.016035
0 0.226211 0.447627 0.019797 0.014902
0 0.212711 0.443271 0.013047 0.016309
0 0.154320 0.426670 0.009672 0.014629
0 0.166469 0.428789 0.013719 0.016602
0 0.115734 0.413877 0.011688 0.012090
0 0.307469 0.472832 0.025375 0.017539
0 0.370781 0.448867 0.021875 0.020937
0 0.391172 0.441943 0.020531 0.016543
0 0.376711 0.507090 0.027297 0.013828
0 0.107781 0.717236 0.028344 0.023379
0 0.308727 0.493643 0.022547 0.018027
0 0.454391 0.462100 0.019750 0.013145
0 0.444672 0.469355 0.022437 0.013516
0 0.518383 0.423799 0.021359 0.012832
0 0.222695 0.558662 0.030453 0.020645
0 0.015836 0.612607 0.027078 0.019043
0 0.122469 0.614277 0.031625 0.026992
0 0.684898 0.699727 0.025953 0.028359
0 0.657844 0.692441 0.028219 0.027539
0 0.630461 0.679268 0.025297 0.027949
0 0.605820 0.673398 0.025922 0.030781
0 0.579594 0.665303 0.025313 0.024316
0 0.626352 0.590146 0.019359 0.020527
0 0.603141 0.587861 0.019594 0.020527
0 0.582211 0.576748 0.013297 0.019121
0 0.558594 0.572256 0.016000 0.020254
0 0.535305 0.563535 0.018922 0.023047
0 0.510555 0.646504 0.021172 0.023047
0 0.535766 0.647910 0.025188 0.023633
0 0.659281 0.747812 0.046656 0.035273
0 0.629797 0.741133 0.038875 0.030820
0 0.605820 0.728584 0.037578 0.031621
0 0.575203 0.717852 0.037250 0.032031
0 0.546687 0.711982 0.032719 0.026777
0 0.518664 0.703271 0.035641 0.030410
0 0.391328 0.625107 0.034344 0.028809
0 0.016930 0.713164 0.030484 0.018633
0 0.049656 0.700215 0.036312 0.021055
0 0.080945 0.673682 0.034672 0.018223
0 0.037844 0.661533 0.030781 0.024707
0 0.100219 0.662949 0.033688 0.018633
0 0.292187 0.652627 0.018469 0.027129
0 0.286664 0.620635 0.023047 0.030371
0 0.264633 0.634189 0.017859 0.025918
0 0.315680 0.602207 0.018797 0.027539
0 0.332688 0.591465 0.018469 0.025508
0 0.347914 0.577500 0.022359 0.029961
0 0.366695 0.572227 0.019797 0.024297
0 0.244383 0.579717 0.033078 0.018223
0 0.267570 0.567979 0.036609 0.016621
0 0.282961 0.557246 0.033047 0.016211
0 0.051656 0.591104 0.031031 0.022559
