0 0.942312 0.063271 0.008781 0.014590
0 0.433914 0.380703 0.029109 0.029219
0 0.943391 0.917100 0.049031 0.049629
0 0.918867 0.886865 0.051047 0.056348
0 0.900062 0.857471 0.052406 0.051309
0 0.872516 0.835215 0.049719 0.042070
0 0.858406 0.799102 0.052406 0.043750
0 0.517328 0.279824 0.027531 0.023906
0 0.918570 0.183008 0.024734 0.016914
0 0.930813 0.057402 0.009750 0.014180
0 0.947023 0.176309 0.021922 0.016328
0 0.964664 0.077441 0.009422 0.014570
0 0.953813 0.070557 0.009094 0.014590
0 0.919469 0.052539 0.010406 0.017422
0 0.908289 0.045654 0.010078 0.014980
0 0.878969 0.030264 0.009094 0.011738
0 0.868437 0.024385 0.008781 0.012949
0 0.858234 0.017910 0.008469 0.012969
