0 0.945844 0.926260 0.020531 0.026895
0 0.956578 0.939082 0.018656 0.019883
0 0.882156 0.891553 0.019125 0.019316
0 0.896625 0.899131 0.019125 0.018145
0 0.841805 0.927168 0.022391 0.016914
0 0.858141 0.943496 0.019594 0.016914
0 0.879594 0.957773 0.021469 0.017500
0 0.857000 0.990693 0.028406 0.017012
0 0.842359 0.987100 0.026438 0.021855
0 0.830039 0.975215 0.028766 0.021914
0 0.816234 0.965010 0.026813 0.024824
0 0.799320 0.958936 0.025672 0.026309
0 0.792211 0.945791 0.023328 0.023809
0 0.761758 0.990693 0.026828 0.017012
0 0.919148 0.914053 0.017109 0.018965
0 0.909234 0.907246 0.022937 0.018945
0 0.741352 0.977549 0.018672 0.020957
0 0.985500 0.951924 0.020531 0.024551
