0 0.283016 0.402061 0.040875 0.032832
0 0.803695 0.523105 0.050609 0.048672
0 0.844086 0.532842 0.051578 0.038926
0 0.488852 0.446465 0.037953 0.038945
0 0.142867 0.590020 0.036984 0.051094
0 0.168656 0.558994 0.039906 0.037715
0 0.009633 0.212891 0.019266 0.019453
0 0.034305 0.215322 0.024422 0.031621
0 0.141398 0.234785 0.016547 0.034063
0 0.162328 0.239658 0.019469 0.029199
0 0.208070 0.245742 0.021422 0.034062
0 0.245539 0.246338 0.022391 0.037715
0 0.288852 0.253643 0.023359 0.035293
0 0.312211 0.260332 0.023359 0.034062
0 0.404180 0.274326 0.022391 0.035293
0 0.416828 0.330283 0.047687 0.032832
0 0.473281 0.340020 0.049625 0.032852
0 0.725828 0.389893 0.046719 0.035293
0 0.766227 0.350361 0.036016 0.036504
0 0.792500 0.402061 0.055469 0.040137
0 0.846516 0.416660 0.048656 0.030430
0 0.937992 0.406318 0.050609 0.038926
0 0.884469 0.389287 0.048656 0.038926
0 0.897125 0.472617 0.038937 0.049883
0 0.855758 0.462275 0.045734 0.036504
0 0.546273 0.393545 0.037953 0.037715
0 0.146758 0.360088 0.040891 0.029199
0 0.106852 0.355215 0.031141 0.034062
0 0.410508 0.364951 0.031141 0.029199
0 0.344813 0.351572 0.032125 0.031621
0 0.311719 0.342441 0.018500 0.042578
0 0.283500 0.336367 0.022375 0.032852
0 0.255766 0.330889 0.021406 0.036504
0 0.233383 0.325420 0.023359 0.030410
0 0.204664 0.322373 0.016547 0.038926
0 0.186656 0.318125 0.021406 0.042578
0 0.163305 0.315684 0.025297 0.040156
0 0.138773 0.315811 0.022391 0.037715
0 0.323406 0.412402 0.053531 0.038945
0 0.247000 0.425781 0.054500 0.034062
0 0.212453 0.412402 0.045750 0.034062
0 0.453125 0.375000 0.034375 0.031250
0 0.441406 0.437500 0.073438 0.050781
0 0.915625 0.555664 0.050000 0.044922
0 0.007031 0.730469 0.014063 0.050781
0 0.611719 0.404297 0.035937 0.039062
0 0.251563 0.610352 0.062500 0.048828
0 0.686719 0.492188 0.048438 0.039062
0 0.309375 0.491211 0.053125 0.037109
0 0.758594 0.507812 0.054688 0.042969
0 0.784375 0.448242 0.046875 0.041016
0 0.082031 0.638672 0.042188 0.050781
0 0.578906 0.400391 0.032813 0.031250
0 0.647656 0.412109 0.035937 0.042969
0 0.025000 0.693359 0.040625 0.054688
0 0.043750 0.830078 0.043750 0.050781
0 0.186719 0.685547 0.064062 0.042969
0 0.135937 0.750000 0.062500 0.039062
0 0.115625 0.612305 0.040625 0.048828
0 0.471875 0.406250 0.050000 0.027344
0 0.532031 0.458984 0.060937 0.039062
0 0.195312 0.659180 0.071875 0.041016
0 0.154688 0.717773 0.071875 0.041016
0 0.603125 0.475586 0.056250 0.041016
