0 0.797852 0.596709 0.025297 0.045020
0 0.327773 0.431260 0.023359 0.032832
0 0.292742 0.466533 0.031141 0.030410
0 0.266953 0.493906 0.037969 0.036484
0 0.193469 0.577246 0.033094 0.040156
0 0.165734 0.605830 0.039906 0.048652
0 0.135086 0.641719 0.036984 0.047461
0 0.103445 0.678223 0.043797 0.049883
0 0.027148 0.769463 0.054297 0.062051
0 0.763789 0.594268 0.025297 0.047441
0 0.533133 0.463496 0.029203 0.038945
0 0.578391 0.336367 0.018500 0.027969
0 0.385688 0.327246 0.030156 0.024336
0 0.346266 0.409971 0.027250 0.029199
