0 0.265188 0.979580 0.033063 0.039590
0 0.293109 0.864297 0.030125 0.051523
0 0.301187 0.816074 0.028656 0.043281
0 0.309648 0.781621 0.026453 0.042344
0 0.914805 0.925381 0.052172 0.032246
0 0.980000 0.914824 0.040000 0.033164
0 0.979633 0.748096 0.040734 0.028574
0 0.929500 0.749014 0.040406 0.028574
0 0.877164 0.699814 0.034297 0.023809
0 0.913602 0.702920 0.033672 0.025410
0 0.971773 0.699814 0.037359 0.032988
0 0.861852 0.863633 0.029391 0.040664
0 0.835828 0.864404 0.030000 0.040645
0 0.322867 0.725459 0.023328 0.042949
0 0.331102 0.694082 0.023891 0.033750
0 0.584625 0.549014 0.027563 0.080449
0 0.551867 0.487012 0.015922 0.022266
0 0.568398 0.447598 0.017141 0.018437
0 0.550336 0.391709 0.014078 0.019980
0 0.567172 0.430791 0.013469 0.015293
