0 0.701750 0.414346 0.043187 0.026230
0 0.660148 0.388340 0.045516 0.028672
0 0.539617 0.496484 0.022984 0.040820
0 0.514344 0.505225 0.026094 0.044707
0 0.487328 0.521992 0.022594 0.044219
0 0.456992 0.539482 0.024922 0.051035
0 0.429977 0.556982 0.023766 0.052012
0 0.481492 0.423828 0.050578 0.028672
0 0.458750 0.437432 0.052531 0.034512
0 0.409953 0.465615 0.047469 0.026738
0 0.384883 0.481172 0.048641 0.029648
0 0.324219 0.510576 0.050969 0.029160
0 0.293125 0.529043 0.044750 0.031094
0 0.267852 0.546289 0.041641 0.030625
0 0.236750 0.561602 0.044750 0.030117
0 0.208500 0.579443 0.050938 0.032559
0 0.575586 0.675566 0.056016 0.040352
0 0.555367 0.698174 0.051359 0.035957
0 0.512602 0.717119 0.063797 0.035957
0 0.671813 0.343623 0.035406 0.033535
0 0.739484 0.395879 0.042375 0.025273
0 0.764563 0.412402 0.051313 0.027227
0 0.800133 0.436699 0.045484 0.026250
0 0.827352 0.453223 0.045484 0.027227
0 0.672203 0.593682 0.050969 0.034980
0 0.857094 0.468799 0.049000 0.029199
0 0.877313 0.490645 0.038875 0.025273
0 0.979766 0.560879 0.037719 0.029648
0 0.960703 0.544600 0.043938 0.028184
0 0.944187 0.523457 0.038875 0.021875
0 0.914828 0.505957 0.042375 0.027695
0 0.742766 0.498906 0.048250 0.041797
0 0.380992 0.674834 0.029984 0.053457
0 0.410922 0.657100 0.030750 0.051035
0 0.447672 0.643008 0.021031 0.045195
0 0.478391 0.616758 0.028031 0.044219
0 0.504047 0.597080 0.026469 0.036934
0 0.533203 0.578369 0.033469 0.045215
0 0.563141 0.564277 0.028031 0.045195
0 0.589969 0.548232 0.027250 0.042285
0 0.616602 0.527578 0.030766 0.042773
0 0.481125 0.742393 0.056000 0.036934
0 0.660531 0.617500 0.052531 0.033047
0 0.618938 0.632070 0.059531 0.033047
0 0.607078 0.653701 0.053687 0.032559
0 0.269625 0.088311 0.028000 0.021035
0 0.184250 0.074648 0.014938 0.018086
0 0.214109 0.089814 0.014938 0.018066
0 0.233703 0.112568 0.017719 0.020410
0 0.283617 0.093867 0.023328 0.019297
0 0.632547 0.319814 0.038531 0.030605
0 0.285023 0.129189 0.024266 0.020996
0 0.138289 0.051035 0.016328 0.016328
0 0.153453 0.056572 0.013062 0.014590
0 0.198945 0.081367 0.014453 0.016328
0 0.987711 0.473389 0.023359 0.032559
0 0.962250 0.459541 0.026094 0.036934
0 0.914227 0.379844 0.037359 0.033047
0 0.596195 0.299893 0.037359 0.027715
0 0.611742 0.250078 0.015578 0.027227
0 0.630797 0.266602 0.015594 0.028203
0 0.652375 0.271699 0.017531 0.027695
0 0.672398 0.283848 0.018703 0.028672
0 0.690477 0.294785 0.019859 0.026250
0 0.711859 0.306699 0.018312 0.029648
0 0.730328 0.318115 0.020250 0.027207
0 0.753070 0.328076 0.017547 0.035488
0 0.777172 0.343867 0.017531 0.034023
0 0.801859 0.361133 0.021031 0.030625
0 0.857469 0.393447 0.022594 0.032090
0 0.886234 0.410693 0.026469 0.033535
0 0.912086 0.425039 0.022203 0.040820
0 0.935617 0.443984 0.024141 0.033047
0 0.832578 0.267334 0.020250 0.024785
0 0.810805 0.255420 0.017141 0.022363
0 0.791172 0.245459 0.018313 0.027715
0 0.772703 0.236465 0.016375 0.026250
0 0.870102 0.355781 0.039297 0.034492
0 0.753266 0.229668 0.014812 0.023320
0 0.737719 0.215820 0.015594 0.028672
0 0.718078 0.208525 0.015969 0.022832
0 0.702141 0.202207 0.012875 0.019922
0 0.683867 0.192734 0.015984 0.024297
0 0.666570 0.183975 0.011703 0.020410
0 0.649844 0.175469 0.015594 0.021875
0 0.703688 0.261494 0.031531 0.027715
0 0.674922 0.246680 0.031531 0.023320
0 0.647703 0.228936 0.036188 0.027715
0 0.931461 0.353574 0.039703 0.028633
0 0.538359 0.121572 0.013063 0.014043
0 0.524836 0.112529 0.013984 0.016973
