0 0.941844 0.736006 0.058500 0.055957
0 0.961797 0.687949 0.045844 0.042578
0 0.907781 0.656318 0.046813 0.040137
0 0.870797 0.820547 0.058500 0.049883
0 0.837219 0.802305 0.073094 0.064492
0 0.724805 0.720186 0.070172 0.048652
0 0.663016 0.760938 0.073094 0.057188
0 0.792445 0.870430 0.071141 0.064492
0 0.649383 0.960449 0.084766 0.066914
0 0.415328 0.836367 0.066281 0.049883
0 0.350781 0.593750 0.051562 0.039062
0 0.710156 0.800781 0.067187 0.058594
0 0.909727 0.718369 0.056547 0.064473
0 0.831383 0.664834 0.045828 0.040137
0 0.809000 0.649629 0.053625 0.038945
0 0.783687 0.637461 0.059469 0.048672
0 0.819695 0.593057 0.043891 0.045020
0 0.925789 0.972627 0.075016 0.054746
0 0.862523 0.926396 0.059453 0.062051
