0 0.304797 0.076650 0.014250 0.020293
0 0.739656 0.212930 0.016844 0.026250
0 0.719367 0.205635 0.013578 0.020996
0 0.702578 0.200098 0.016375 0.018086
0 0.686703 0.189893 0.016375 0.018652
0 0.669914 0.181729 0.013578 0.019824
0 0.651250 0.172100 0.015437 0.021582
0 0.539367 0.119131 0.015953 0.015605
0 0.525758 0.110859 0.015172 0.019492
0 0.184898 0.074570 0.015109 0.018906
0 0.199734 0.080508 0.013437 0.016797
0 0.215969 0.088906 0.021281 0.016797
0 0.238086 0.112363 0.016234 0.018906
0 0.287633 0.128115 0.024641 0.020996
0 0.287648 0.091465 0.022359 0.016602
0 0.257000 0.122822 0.021062 0.020293
0 0.313539 0.081514 0.015547 0.020293
0 0.651016 0.227510 0.031781 0.027402
0 0.678781 0.241797 0.031313 0.025664
0 0.708406 0.257549 0.030844 0.029160
0 0.935156 0.349697 0.035500 0.029160
0 0.757625 0.227510 0.017313 0.021582
0 0.775828 0.233633 0.016375 0.024492
0 0.794719 0.244424 0.016844 0.030918
0 0.811977 0.254922 0.018703 0.027422
0 0.834844 0.264541 0.021500 0.027988
0 0.614164 0.248506 0.019641 0.026230
0 0.633984 0.264541 0.018250 0.027988
0 0.653813 0.269502 0.016844 0.029746
0 0.675039 0.280586 0.019172 0.026250
0 0.693008 0.292832 0.018703 0.026250
0 0.713539 0.303916 0.019641 0.029746
0 0.733359 0.314404 0.017312 0.027402
0 0.755297 0.326064 0.017312 0.036738
0 0.779555 0.341523 0.015453 0.032656
0 0.597836 0.296621 0.040172 0.031484
0 0.634688 0.319063 0.040156 0.033242
0 0.674344 0.339775 0.037375 0.033809
0 0.704063 0.410928 0.043438 0.026230
0 0.743250 0.391387 0.043438 0.026836
0 0.764250 0.409463 0.048094 0.019824
0 0.873656 0.352900 0.037375 0.031504
0 0.915883 0.377686 0.037828 0.034395
0 0.802977 0.358145 0.022922 0.032656
0 0.518367 0.713672 0.059672 0.041328
0 0.479273 0.739365 0.054016 0.032246
0 0.622094 0.214102 0.030844 0.023906
0 0.542172 0.492861 0.021969 0.046660
0 0.297336 0.070576 0.018141 0.020293
0 0.860359 0.391680 0.024781 0.032070
0 0.889523 0.408887 0.024297 0.032656
0 0.914719 0.422588 0.023375 0.040254
0 0.940141 0.440088 0.022906 0.032090
0 0.966273 0.455830 0.024766 0.036738
0 0.988609 0.471582 0.022781 0.035586
0 0.661867 0.387598 0.043859 0.026250
0 0.801602 0.432510 0.043391 0.028574
0 0.827258 0.450000 0.043391 0.033242
0 0.860852 0.465459 0.050859 0.027988
0 0.881375 0.487324 0.046188 0.025078
0 0.916367 0.501904 0.042453 0.029746
0 0.942266 0.520273 0.040125 0.025664
0 0.962797 0.538643 0.044781 0.029746
0 0.983031 0.556143 0.033938 0.029746
0 0.486414 0.421719 0.045766 0.031484
0 0.461914 0.435713 0.052766 0.032676
0 0.516742 0.504238 0.024297 0.048398
0 0.491313 0.522617 0.021969 0.050156
0 0.460523 0.538066 0.024766 0.049570
0 0.432992 0.554102 0.021984 0.050156
0 0.413398 0.462539 0.049047 0.025664
0 0.388203 0.480039 0.050906 0.032656
0 0.325680 0.508613 0.052766 0.031484
0 0.294891 0.523779 0.043437 0.036152
0 0.271797 0.543018 0.040156 0.026816
0 0.238203 0.559932 0.049500 0.029160
0 0.211609 0.578604 0.048562 0.029160
0 0.746289 0.496650 0.047641 0.036738
0 0.618453 0.526406 0.029906 0.042578
0 0.591859 0.545645 0.029906 0.044922
0 0.566898 0.562852 0.027578 0.040820
0 0.536109 0.574219 0.030375 0.043750
0 0.508609 0.593799 0.023781 0.041895
0 0.481281 0.614756 0.028969 0.045488
0 0.449672 0.640234 0.025656 0.048398
0 0.415312 0.654111 0.026875 0.049551
0 0.385758 0.675107 0.026859 0.054590
0 0.675328 0.591123 0.052406 0.031074
0 0.661555 0.613799 0.051734 0.031074
0 0.617883 0.630176 0.061141 0.036953
0 0.610492 0.653271 0.047703 0.034434
0 0.577906 0.670488 0.055094 0.035273
0 0.559898 0.696514 0.047703 0.041152
