0 0.426359 0.685439 0.021969 0.025957
0 0.435961 0.642363 0.020016 0.022031
0 0.428117 0.623994 0.020016 0.023496
0 0.450250 0.619336 0.019625 0.022031
0 0.471617 0.617383 0.020766 0.023008
0 0.493359 0.612979 0.018812 0.019082
0 0.569141 0.629629 0.026281 0.026914
0 0.653148 0.622285 0.025109 0.023984
0 0.331977 0.720205 0.018016 0.029863
0 0.358984 0.716045 0.019625 0.025449
0 0.487852 0.705273 0.025891 0.025469
0 0.513711 0.704043 0.027453 0.023984
0 0.463336 0.703994 0.022609 0.023496
0 0.477438 0.678428 0.020719 0.022910
0 0.452313 0.685186 0.024906 0.024668
0 0.610922 0.688125 0.028250 0.028203
0 0.611164 0.626436 0.021203 0.024668
0 0.590711 0.627910 0.021672 0.026445
0 0.574758 0.603525 0.020672 0.018809
0 0.644766 0.742471 0.028250 0.033496
0 0.592359 0.742471 0.029656 0.039355
0 0.610219 0.778604 0.027781 0.034082
0 0.717383 0.766270 0.034359 0.028203
0 0.692969 0.735430 0.030562 0.028789
0 0.511375 0.611260 0.020375 0.021543
0 0.533117 0.610771 0.020766 0.021543
0 0.553289 0.608818 0.021141 0.019590
0 0.456914 0.640400 0.023547 0.025957
0 0.480414 0.637705 0.024328 0.027402
0 0.501961 0.633789 0.023547 0.027422
0 0.391711 0.568037 0.016453 0.022520
0 0.466719 0.568525 0.017625 0.024473
0 0.355289 0.596436 0.018797 0.021543
0 0.393484 0.590801 0.018406 0.021055
0 0.414047 0.589580 0.021156 0.025449
0 0.435000 0.586387 0.020750 0.021055
0 0.262070 0.603047 0.027422 0.020078
0 0.294180 0.601084 0.018797 0.023027
0 0.283805 0.559717 0.017641 0.020566
0 0.320430 0.556035 0.015672 0.021055
0 0.356391 0.553682 0.017625 0.016152
0 0.525266 0.633301 0.023156 0.026445
0 0.544266 0.630605 0.021969 0.024961
0 0.735719 0.613809 0.029656 0.027617
0 0.690359 0.611162 0.024500 0.034082
0 0.676023 0.617334 0.020266 0.022910
0 0.769562 0.607334 0.026844 0.024082
0 0.792828 0.603525 0.026375 0.023496
0 0.841945 0.598818 0.029672 0.023496
0 0.766500 0.556807 0.027313 0.020566
0 0.667422 0.770557 0.026375 0.030566
