0 0.453539 0.650576 0.051891 0.026152
0 0.548289 0.641055 0.128609 0.064922
0 0.123852 0.674082 0.049078 0.023984
0 0.899586 0.920508 0.039953 0.039648
0 0.915063 0.954541 0.041125 0.038184
0 0.940125 0.975098 0.037219 0.044062
0 0.660789 0.628369 0.040109 0.024043
0 0.559320 0.915615 0.056172 0.033926
0 0.651711 0.924082 0.060922 0.055937
0 0.807383 0.965156 0.044672 0.051602
0 0.867859 0.889414 0.034469 0.031328
0 0.850313 0.868760 0.040344 0.033301
0 0.625570 0.630439 0.030453 0.024668
0 0.460844 0.953730 0.032500 0.057539
0 0.535977 0.878398 0.058203 0.037305
0 0.550867 0.895312 0.058203 0.032227
