0 0.322055 0.845508 0.067609 0.058789
0 0.515328 0.478506 0.052906 0.035918
0 0.509086 0.559785 0.063922 0.044180
0 0.329414 0.883135 0.079359 0.068066
0 0.628477 0.527285 0.052047 0.028398
0 0.631844 0.550625 0.051437 0.042930
0 0.633273 0.606182 0.052172 0.039590
0 0.524516 0.361836 0.044812 0.030391
0 0.626938 0.500488 0.051438 0.029922
0 0.529234 0.299941 0.043531 0.028398
0 0.535055 0.257441 0.035578 0.024570
0 0.535977 0.239463 0.037422 0.022285
0 0.121789 0.725840 0.063484 0.042461
0 0.022320 0.689473 0.040203 0.046445
