0 0.247492 0.246953 0.024328 0.036484
0 0.316586 0.341230 0.022391 0.042578
0 0.348711 0.352187 0.030172 0.035273
0 0.417320 0.365557 0.029203 0.030410
0 0.455758 0.372861 0.032109 0.027988
0 0.552109 0.391729 0.036000 0.029199
0 0.651867 0.414229 0.038922 0.047441
0 0.787148 0.450723 0.046703 0.042578
0 0.691773 0.497559 0.052547 0.043789
0 0.829000 0.459238 0.033094 0.037695
0 0.863547 0.464111 0.036000 0.037715
0 0.901016 0.474443 0.038937 0.043809
0 0.941891 0.403281 0.048656 0.040156
0 0.889820 0.391719 0.045734 0.034062
0 0.851383 0.416660 0.044766 0.025547
0 0.607812 0.478516 0.056250 0.042969
0 0.157812 0.721680 0.071875 0.044922
0 0.665625 0.453125 0.053125 0.035156
0 0.535937 0.461914 0.062500 0.041016
0 0.047656 0.832031 0.042188 0.050781
0 0.139063 0.752930 0.062500 0.041016
0 0.119531 0.614258 0.039062 0.048828
0 0.197656 0.666992 0.073438 0.052734
0 0.028906 0.695312 0.039062 0.054688
0 0.314063 0.493164 0.050000 0.037109
0 0.796875 0.402666 0.048656 0.038926
0 0.730703 0.388672 0.052563 0.032852
0 0.474734 0.340020 0.048656 0.027969
0 0.416828 0.329678 0.041844 0.024316
0 0.162820 0.235391 0.018484 0.023125
0 0.209531 0.242090 0.022375 0.026758
0 0.287391 0.338193 0.024344 0.038926
0 0.292258 0.252432 0.022391 0.030410
0 0.316102 0.259727 0.021422 0.032852
0 0.770117 0.354004 0.039891 0.034062
0 0.108320 0.352793 0.037953 0.036484
0 0.149672 0.362520 0.046719 0.041367
0 0.287391 0.400234 0.041844 0.034062
0 0.321453 0.411182 0.053531 0.038926
0 0.437266 0.431865 0.055469 0.041348
0 0.465492 0.447686 0.037953 0.031621
0 0.497125 0.454365 0.046719 0.037715
0 0.218289 0.416055 0.049641 0.034062
0 0.248953 0.428818 0.046719 0.030410
0 0.097609 0.473838 0.041844 0.052324
0 0.026078 0.215312 0.021406 0.034062
0 0.144813 0.228086 0.013625 0.025547
0 0.764273 0.512158 0.057422 0.048652
0 0.919023 0.559600 0.049641 0.046230
0 0.851383 0.537100 0.058391 0.045020
0 0.805641 0.523721 0.054500 0.047441
0 0.255469 0.609375 0.060937 0.042969
0 0.582812 0.404297 0.034375 0.031250
0 0.171875 0.558594 0.043750 0.046875
0 0.188281 0.687500 0.060937 0.046875
0 0.085938 0.639648 0.043750 0.048828
0 0.007812 0.732422 0.015625 0.054688
0 0.615625 0.406250 0.034375 0.039062
0 0.144531 0.583984 0.035937 0.039062
0 0.139461 0.315684 0.022391 0.032852
0 0.165250 0.313857 0.023344 0.038926
0 0.188117 0.322383 0.018484 0.043789
0 0.210016 0.326025 0.019469 0.036504
0 0.236781 0.331504 0.022375 0.035273
0 0.261117 0.333936 0.024328 0.030410
