0 0.622906 0.680957 0.016531 0.030625
0 0.941680 0.468096 0.026797 0.017598
0 0.989094 0.533408 0.017437 0.017012
0 0.886180 0.443564 0.025953 0.012754
0 0.820477 0.440645 0.020422 0.013281
0 0.882570 0.463770 0.029766 0.015937
0 0.470273 0.421240 0.011484 0.017012
0 0.465805 0.435596 0.015297 0.018066
0 0.458359 0.456318 0.014031 0.018066
0 0.454109 0.467754 0.012344 0.015430
0 0.449430 0.485830 0.016578 0.028184
0 0.434125 0.530215 0.016594 0.023398
0 0.425187 0.547217 0.016594 0.022324
0 0.417320 0.568223 0.021266 0.027109
0 0.401797 0.612607 0.020844 0.027637
0 0.593508 0.653018 0.033672 0.094160
0 0.620758 0.741426 0.020828 0.033672
0 0.327734 0.806865 0.022656 0.040566
0 0.314562 0.845908 0.026938 0.040566
0 0.298031 0.884951 0.031844 0.042090
0 0.281188 0.932793 0.036125 0.050508
0 0.619227 0.811084 0.018984 0.041348
0 0.618922 0.856240 0.023281 0.042871
0 0.615062 0.901641 0.027562 0.042852
