0 0.242656 0.695918 0.040875 0.026797
0 0.042453 0.962627 0.048500 0.036738
0 0.094258 0.926807 0.044828 0.038574
0 0.143492 0.888232 0.044828 0.044082
0 0.207422 0.956660 0.056594 0.050508
0 0.215875 0.859756 0.044094 0.045918
0 0.192727 0.851484 0.037484 0.033086
0 0.260703 0.822549 0.044094 0.039512
0 0.414813 0.783877 0.044906 0.031895
0 0.430453 0.769590 0.050062 0.036367
0 0.460047 0.738330 0.047000 0.037637
0 0.475617 0.727490 0.044453 0.033809
0 0.431250 0.652891 0.043375 0.031328
0 0.388125 0.725264 0.036750 0.035723
0 0.369242 0.715049 0.031641 0.035723
0 0.324336 0.750781 0.037766 0.034453
0 0.303414 0.791602 0.043891 0.034453
0 0.281977 0.782676 0.039797 0.034453
0 0.015820 0.914404 0.029141 0.037637
0 0.032156 0.899092 0.039344 0.032520
0 0.053078 0.881865 0.039344 0.035098
0 0.075781 0.865283 0.036781 0.035098
0 0.131914 0.822861 0.045984 0.038262
0 0.169430 0.793838 0.037297 0.035098
0 0.206430 0.768643 0.039859 0.031895
0 0.225813 0.753975 0.043938 0.035723
0 0.223266 0.594170 0.038844 0.022324
0 0.295727 0.657002 0.042922 0.025527
0 0.280680 0.670078 0.041391 0.023594
0 0.288586 0.708350 0.040891 0.029980
0 0.310531 0.695918 0.036781 0.029336
0 0.326094 0.685400 0.040375 0.026152
0 0.338594 0.669121 0.034750 0.029336
0 0.103844 0.787139 0.043937 0.028066
0 0.125539 0.775342 0.044453 0.029980
0 0.140078 0.759072 0.047000 0.028066
0 0.168148 0.745674 0.042922 0.028066
0 0.062539 0.747588 0.036734 0.030605
0 0.020297 0.775342 0.040594 0.033809
0 0.104891 0.716963 0.038781 0.035723
0 0.633867 0.465781 0.022047 0.021133
0 0.144961 0.691455 0.039297 0.035723
0 0.185523 0.668486 0.034703 0.034434
0 0.241633 0.582373 0.042922 0.021699
0 0.041023 0.700664 0.032797 0.021328
0 0.255672 0.572168 0.036281 0.019141
0 0.248547 0.627979 0.029094 0.027441
0 0.377156 0.504229 0.037250 0.017207
0 0.497844 0.433740 0.027562 0.017871
0 0.017852 0.714229 0.031516 0.022910
0 0.591961 0.466240 0.028953 0.015996
0 0.604508 0.458789 0.021734 0.017070
0 0.570906 0.479531 0.031094 0.018125
0 0.634938 0.490420 0.023813 0.017598
0 0.651094 0.476074 0.016156 0.018672
0 0.557750 0.496543 0.028500 0.017070
0 0.392594 0.492656 0.024844 0.018867
0 0.409422 0.485830 0.022469 0.019238
0 0.422859 0.476963 0.021594 0.018496
