0 0.818477 0.441650 0.021422 0.013379
0 0.881453 0.465234 0.030625 0.016836
0 0.706336 0.451172 0.031484 0.019141
0 0.469039 0.424082 0.014453 0.017070
0 0.465414 0.437900 0.015734 0.017051
0 0.457133 0.456777 0.014453 0.019727
0 0.452234 0.469805 0.016594 0.017070
0 0.449047 0.486543 0.014469 0.026094
0 0.433312 0.532266 0.018719 0.025039
0 0.423531 0.548203 0.015312 0.023984
0 0.417023 0.570195 0.022109 0.029766
0 0.400727 0.612021 0.023266 0.030684
0 0.622711 0.680918 0.018984 0.030703
0 0.619961 0.742158 0.019609 0.035293
0 0.619039 0.811816 0.023891 0.039883
0 0.617211 0.856973 0.025109 0.039883
0 0.613836 0.900225 0.028172 0.039121
0 0.326633 0.809512 0.026953 0.046016
0 0.313156 0.847783 0.030625 0.042949
0 0.297500 0.884141 0.033750 0.043711
0 0.280086 0.933906 0.035516 0.051367
0 0.989234 0.535273 0.019594 0.020664
