0 0.959391 0.557686 0.019438 0.019004
0 0.945195 0.551133 0.014391 0.017539
0 0.657563 0.694922 0.040125 0.024492
0 0.612531 0.704844 0.039656 0.028008
0 0.578945 0.710381 0.043391 0.026230
0 0.514789 0.720596 0.038266 0.030332
0 0.480266 0.723799 0.035469 0.026230
0 0.449945 0.733125 0.037328 0.027422
0 0.418219 0.737207 0.039187 0.022734
0 0.663898 0.882715 0.044797 0.039883
0 0.692398 0.868516 0.057109 0.041289
0 0.733273 0.859033 0.051516 0.036465
0 0.790375 0.837715 0.047031 0.031484
0 0.821172 0.825820 0.040313 0.031484
0 0.919719 0.775586 0.041531 0.037891
0 0.873297 0.687236 0.041062 0.027988
0 0.906891 0.709395 0.038250 0.028008
0 0.840406 0.624824 0.025656 0.032656
0 0.868633 0.642031 0.031734 0.035586
0 0.900359 0.656904 0.028937 0.031504
0 0.870961 0.590127 0.017734 0.023926
0 0.884492 0.604707 0.018672 0.026250
0 0.902930 0.610537 0.023797 0.027402
0 0.919250 0.620742 0.019125 0.024492
0 0.933484 0.630371 0.017719 0.025078
0 0.950984 0.639414 0.019125 0.025664
0 0.967305 0.647861 0.017266 0.021582
0 0.984570 0.656318 0.018203 0.030332
0 0.951141 0.703643 0.043000 0.033496
0 0.988586 0.740645 0.022828 0.033867
0 0.907773 0.577305 0.031266 0.024492
0 0.931109 0.593916 0.026594 0.026230
0 0.954430 0.606172 0.031266 0.025078
0 0.819594 0.518955 0.019125 0.024551
0 0.720477 0.457217 0.018266 0.014590
0 0.685680 0.471797 0.017891 0.015547
0 0.538297 0.438984 0.013781 0.015859
0 0.550227 0.444082 0.012141 0.014180
0 0.561570 0.427812 0.021609 0.013164
0 0.550227 0.421064 0.022672 0.012480
0 0.562430 0.453838 0.015234 0.016191
0 0.930125 0.544375 0.015406 0.019297
0 0.986602 0.572031 0.015547 0.017539
0 0.972414 0.566924 0.013609 0.018027
0 0.784586 0.778594 0.024859 0.036953
0 0.749984 0.785732 0.028219 0.036113
0 0.718070 0.792871 0.026203 0.036953
0 0.684820 0.797490 0.024172 0.039473
0 0.650227 0.804209 0.030234 0.036113
0 0.618313 0.813447 0.026875 0.039473
0 0.580352 0.825625 0.030234 0.038633
0 0.545078 0.827725 0.034937 0.039473
0 0.509469 0.827725 0.038969 0.031074
0 0.720086 0.742900 0.024859 0.036113
0 0.689523 0.747520 0.030891 0.040312
0 0.657953 0.752979 0.026875 0.042832
0 0.625703 0.758437 0.029563 0.045352
0 0.592109 0.763057 0.026875 0.044512
0 0.387000 0.742979 0.044313 0.027988
0 0.553141 0.771035 0.034938 0.045352
0 0.693250 0.689102 0.037781 0.026836
