0 0.632148 0.526943 0.052672 0.031387
0 0.326234 0.882324 0.078313 0.063633
0 0.508414 0.561387 0.061297 0.042109
0 0.515148 0.480625 0.049047 0.036758
0 0.631844 0.551426 0.055719 0.042109
0 0.634047 0.604629 0.053281 0.039805
0 0.318297 0.849258 0.062438 0.063633
0 0.124117 0.730215 0.065609 0.042461
0 0.022000 0.691191 0.041281 0.043789
0 0.535359 0.221504 0.038031 0.020664
0 0.537508 0.237197 0.039859 0.019902
0 0.536586 0.257100 0.033141 0.021426
0 0.529234 0.298447 0.046594 0.027559
0 0.527094 0.361973 0.048438 0.032148
0 0.627250 0.502061 0.050219 0.035215
