0 0.521781 0.323643 0.036750 0.018496
0 0.607258 0.325547 0.038266 0.024883
0 0.607852 0.353799 0.038203 0.025723
0 0.614094 0.531543 0.058063 0.030313
0 0.608914 0.555889 0.056516 0.029395
0 0.619242 0.585283 0.056578 0.044082
0 0.610016 0.652803 0.061656 0.046855
0 0.623797 0.739932 0.067719 0.050254
0 0.626445 0.774326 0.064547 0.055566
0 0.623797 0.854355 0.078313 0.064805
0 0.626969 0.896025 0.076187 0.060840
0 0.630148 0.950918 0.080422 0.067461
0 0.629617 0.983066 0.081484 0.033867
0 0.402156 0.480527 0.050000 0.037695
0 0.255695 0.413555 0.055109 0.031328
0 0.161258 0.396006 0.057203 0.028145
0 0.145953 0.414189 0.045969 0.024941
0 0.126812 0.440664 0.047500 0.031953
0 0.093141 0.410361 0.045469 0.028770
0 0.315453 0.840420 0.071281 0.068066
0 0.533508 0.184570 0.034703 0.021055
0 0.530711 0.224766 0.036234 0.021055
0 0.523312 0.287285 0.038781 0.024883
