0 0.539062 0.664062 0.046875 0.046875
0 0.462500 0.470703 0.046875 0.031250
0 0.588281 0.485352 0.039062 0.033203
0 0.968750 0.709961 0.056250 0.044922
0 0.478906 0.413086 0.032813 0.025391
0 0.065492 0.770068 0.074953 0.038926
0 0.047969 0.720791 0.067156 0.040137
0 0.029586 0.684297 0.059172 0.042578
0 0.146758 0.601572 0.064234 0.035293
0 0.505398 0.712881 0.065203 0.055957
0 0.809531 0.602793 0.044781 0.040156
0 0.696148 0.527979 0.049641 0.046230
0 0.650891 0.498770 0.040875 0.041367
0 0.594445 0.459854 0.038922 0.029199
0 0.513672 0.411797 0.035031 0.032852
0 0.475227 0.386240 0.036016 0.020684
