0 0.300273 0.424727 0.047953 0.024141
0 0.288289 0.410928 0.043703 0.027090
0 0.299219 0.173525 0.018938 0.017559
0 0.198523 0.235537 0.019266 0.022441
0 0.298117 0.254385 0.023141 0.029863
0 0.276578 0.236260 0.027844 0.028887
0 0.212352 0.245566 0.023109 0.023984
0 0.240758 0.267109 0.018797 0.024961
0 0.254859 0.278867 0.023500 0.023984
0 0.268758 0.285957 0.023891 0.027422
0 0.282867 0.299668 0.023891 0.024492
0 0.628703 0.494785 0.035688 0.035742
0 0.670813 0.463447 0.039219 0.029863
0 0.240578 0.368623 0.034781 0.025918
0 0.253039 0.380078 0.044641 0.025313
0 0.316727 0.438535 0.047953 0.028242
0 0.335766 0.453809 0.046531 0.030625
0 0.357859 0.472617 0.044656 0.023555
0 0.376422 0.491123 0.048875 0.027676
0 0.387234 0.509336 0.043250 0.026484
0 0.405797 0.529014 0.044656 0.028262
0 0.435875 0.546348 0.046531 0.031211
0 0.547984 0.516973 0.024437 0.035898
0 0.573836 0.530195 0.024453 0.037656
0 0.602031 0.557217 0.023500 0.044707
0 0.457727 0.566025 0.047953 0.029434
0 0.484531 0.587773 0.046062 0.025898
0 0.512961 0.612441 0.052172 0.032969
0 0.271367 0.397998 0.042766 0.024746
0 0.442672 0.429668 0.023906 0.034766
0 0.483781 0.391719 0.034906 0.032305
0 0.550367 0.376787 0.036453 0.028887
0 0.495133 0.318525 0.019234 0.026934
0 0.519820 0.415713 0.043516 0.036230
0 0.582680 0.401504 0.037641 0.031328
0 0.463625 0.443125 0.025844 0.032305
0 0.484391 0.461484 0.023500 0.032813
0 0.504953 0.480342 0.026250 0.038184
0 0.526305 0.492578 0.027422 0.035234
0 0.625180 0.431865 0.041172 0.035254
0 0.116562 0.237236 0.021188 0.026934
0 0.100508 0.222070 0.021984 0.023984
0 0.084844 0.211045 0.018062 0.022520
0 0.147711 0.281797 0.040391 0.018125
0 0.101312 0.286699 0.030563 0.024961
0 0.084469 0.270049 0.032906 0.020059
0 0.167508 0.299180 0.035266 0.022539
0 0.194539 0.320479 0.040734 0.023027
0 0.199234 0.332471 0.033687 0.023496
0 0.235469 0.356709 0.037219 0.024004
0 0.221367 0.344717 0.035641 0.026426
0 0.089148 0.343242 0.025891 0.027422
0 0.318680 0.239443 0.028234 0.025449
0 0.339250 0.233574 0.025500 0.025469
0 0.745430 0.138340 0.023141 0.018125
0 0.714484 0.146172 0.027844 0.020078
0 0.690789 0.154014 0.025891 0.014199
0 0.671398 0.159150 0.030203 0.015684
0 0.578570 0.197578 0.027078 0.019102
0 0.558992 0.204189 0.030984 0.020566
0 0.539594 0.211045 0.031375 0.019590
0 0.520211 0.219375 0.039609 0.016641
0 0.346102 0.288896 0.026672 0.024473
0 0.295984 0.311426 0.020375 0.025469
0 0.310672 0.322432 0.023906 0.027910
0 0.323602 0.331006 0.021547 0.032324
0 0.390359 0.318281 0.030594 0.030352
0 0.339062 0.345205 0.023500 0.037207
0 0.355914 0.361123 0.025859 0.026934
0 0.478711 0.267354 0.032516 0.025449
0 0.421891 0.342021 0.033344 0.027910
0 0.384305 0.390244 0.024672 0.034277
0 0.401547 0.400039 0.020750 0.040156
0 0.420156 0.416445 0.023500 0.040625
