0 0.808820 0.448613 0.031578 0.038594
0 0.643156 0.145625 0.023375 0.020000
0 0.766539 0.137324 0.026609 0.019727
0 0.809398 0.135000 0.023328 0.017344
0 0.842766 0.135547 0.024812 0.014805
0 0.805086 0.578164 0.031047 0.049961
0 0.020844 0.369326 0.037250 0.024199
0 0.873781 0.135176 0.024219 0.015547
0 0.900969 0.443291 0.030156 0.041230
0 0.276109 0.649023 0.019594 0.047461
0 0.159945 0.664639 0.021266 0.040762
0 0.126266 0.673867 0.023781 0.039922
0 0.094969 0.496250 0.039969 0.026055
0 0.288648 0.243838 0.016984 0.020918
0 0.522859 0.152998 0.027781 0.022910
0 0.620172 0.143213 0.025125 0.023301
0 0.411672 0.495947 0.021688 0.037793
0 0.518430 0.176260 0.031922 0.019238
0 0.555937 0.174600 0.033688 0.021816
0 0.490078 0.151895 0.022469 0.021445
0 0.546398 0.371807 0.023016 0.031895
0 0.251961 0.370439 0.016516 0.035371
0 0.345359 0.214307 0.026594 0.024004
0 0.492898 0.265996 0.019453 0.027695
0 0.434570 0.180928 0.032266 0.020605
0 0.423742 0.230469 0.017984 0.024922
0 0.382781 0.231387 0.013781 0.025547
0 0.296273 0.192930 0.029766 0.019375
0 0.324937 0.239844 0.015750 0.027070
0 0.223297 0.253994 0.015750 0.025215
0 0.243727 0.247236 0.017234 0.033223
0 0.201281 0.207949 0.031500 0.021602
0 0.094969 0.464619 0.043375 0.021270
0 0.071578 0.548340 0.044219 0.026055
0 0.216617 0.657178 0.024547 0.048301
0 0.326609 0.600674 0.025094 0.048418
0 0.317258 0.651172 0.024234 0.046289
