0 0.630555 0.679053 0.025109 0.029707
0 0.685039 0.698936 0.027141 0.028848
0 0.661047 0.747158 0.049406 0.033926
0 0.628555 0.742500 0.042641 0.033086
0 0.604867 0.731924 0.037234 0.028848
0 0.658305 0.690889 0.027828 0.031387
0 0.604484 0.672461 0.024906 0.029375
0 0.578203 0.665264 0.024906 0.024160
0 0.533781 0.648818 0.023500 0.026504
0 0.511469 0.647051 0.023031 0.022969
0 0.626383 0.590938 0.018797 0.020039
0 0.603586 0.588008 0.021141 0.023555
0 0.582195 0.576846 0.015984 0.017676
0 0.558227 0.572441 0.015047 0.021797
0 0.534492 0.564502 0.022078 0.018848
0 0.555555 0.450586 0.015672 0.018398
0 0.564672 0.444678 0.016344 0.017168
0 0.575281 0.437734 0.016688 0.014727
0 0.226562 0.446855 0.018594 0.015508
0 0.154422 0.426250 0.014031 0.013477
0 0.165687 0.428291 0.011094 0.014277
0 0.211219 0.443389 0.009469 0.017559
0 0.391844 0.625928 0.033844 0.029980
0 0.574211 0.718154 0.037609 0.028848
0 0.546484 0.711982 0.035719 0.027090
0 0.519922 0.701689 0.032437 0.028848
0 0.017695 0.715508 0.031953 0.020039
0 0.050125 0.701104 0.035719 0.024160
0 0.050828 0.590059 0.032437 0.020625
0 0.013930 0.611504 0.025391 0.017695
0 0.118516 0.614150 0.025844 0.022988
0 0.037430 0.661455 0.030078 0.027090
0 0.079273 0.674375 0.039484 0.018867
0 0.057414 0.687891 0.037141 0.020039
0 0.099484 0.663799 0.033844 0.020020
0 0.118516 0.649111 0.030563 0.020020
0 0.197953 0.573018 0.022094 0.014746
0 0.223336 0.558633 0.030547 0.022383
0 0.291250 0.651162 0.020688 0.025332
0 0.264953 0.632656 0.017906 0.024727
0 0.285133 0.619443 0.017859 0.030020
0 0.315461 0.602402 0.017391 0.025313
0 0.332617 0.592119 0.017859 0.023574
0 0.245602 0.580869 0.034516 0.018613
0 0.268945 0.568604 0.039266 0.016074
0 0.347430 0.578330 0.018891 0.030449
0 0.367430 0.573672 0.019641 0.022852
0 0.378469 0.559512 0.021156 0.023008
0 0.394008 0.550742 0.016484 0.019102
0 0.409867 0.544375 0.017672 0.020078
0 0.424758 0.533613 0.020016 0.023984
0 0.282789 0.557979 0.032422 0.015918
0 0.439789 0.523320 0.017391 0.025313
0 0.451539 0.515977 0.017391 0.022383
0 0.345305 0.523613 0.029609 0.016523
0 0.361992 0.515088 0.031016 0.015918
0 0.370688 0.449590 0.020219 0.021211
0 0.305828 0.472197 0.023031 0.015918
0 0.378437 0.507158 0.024438 0.016504
0 0.463664 0.508789 0.018922 0.019180
0 0.474586 0.499951 0.016359 0.022480
0 0.488148 0.491396 0.017297 0.021660
0 0.500695 0.484658 0.016359 0.017988
0 0.510992 0.477109 0.017953 0.018398
0 0.524211 0.471191 0.015016 0.017188
0 0.536281 0.464053 0.017656 0.017598
0 0.544438 0.458135 0.016344 0.017168
