0 0.492586 0.281289 0.019391 0.021055
0 0.462352 0.499570 0.037484 0.041484
0 0.534398 0.555566 0.061078 0.035898
0 0.308063 0.602412 0.037563 0.048770
0 0.272789 0.634561 0.037547 0.048770
0 0.235313 0.650635 0.036094 0.057051
0 0.201141 0.671309 0.035344 0.050625
0 0.316477 0.727793 0.044078 0.042344
0 0.412461 0.303936 0.034703 0.031895
0 0.514273 0.213027 0.015828 0.021055
0 0.617359 0.239824 0.021938 0.028711
0 0.555867 0.219404 0.018359 0.026152
0 0.706156 0.266934 0.022969 0.029336
0 0.768164 0.339014 0.043891 0.029355
0 0.444617 0.274580 0.020422 0.024238
0 0.468602 0.275225 0.017359 0.025527
0 0.561484 0.306162 0.021437 0.024863
0 0.432625 0.525254 0.039750 0.045117
0 0.404656 0.544082 0.039688 0.047852
0 0.370156 0.562002 0.041219 0.045098
0 0.338891 0.581279 0.031594 0.039590
0 0.412414 0.669463 0.062547 0.035918
0 0.433727 0.644668 0.075766 0.043281
0 0.468266 0.621250 0.061063 0.038672
0 0.477047 0.596445 0.066875 0.036836
0 0.600531 0.458652 0.052250 0.036836
0 0.026937 0.578066 0.047031 0.036836
0 0.062617 0.559707 0.047828 0.033164
0 0.122102 0.518359 0.058047 0.036836
0 0.191914 0.485752 0.058047 0.032246
0 0.219109 0.467383 0.055125 0.030391
0 0.274961 0.436602 0.056578 0.035000
0 0.956180 0.511934 0.047766 0.033164
0 0.880891 0.484375 0.052844 0.033164
0 0.816945 0.459082 0.060172 0.037695
0 0.931188 0.432930 0.034531 0.042344
0 0.778742 0.445342 0.042547 0.034082
0 0.744570 0.437051 0.041828 0.026680
0 0.898117 0.420078 0.034547 0.036836
0 0.619602 0.381035 0.046297 0.034062
0 0.746367 0.369551 0.030859 0.031328
0 0.866148 0.411816 0.032328 0.033164
0 0.838227 0.399863 0.033797 0.033164
0 0.709984 0.356553 0.026531 0.028691
0 0.643383 0.334551 0.023984 0.026797
0 0.614812 0.321465 0.019906 0.031250
0 0.585977 0.311270 0.021422 0.032539
0 0.539281 0.297861 0.020937 0.026152
0 0.514273 0.292451 0.018891 0.024238
