0 0.851930 0.014102 0.008391 0.011914
0 0.946953 0.918115 0.056875 0.053691
0 0.921063 0.885176 0.053406 0.058047
0 0.900750 0.857617 0.047594 0.058047
0 0.876367 0.834385 0.049922 0.043535
0 0.858375 0.805361 0.060375 0.052246
0 0.518219 0.279316 0.030187 0.027578
0 0.885438 0.189629 0.029031 0.019141
0 0.920508 0.181563 0.023391 0.025195
0 0.948320 0.175518 0.022578 0.017129
0 0.933664 0.056436 0.009516 0.012598
0 0.945148 0.062041 0.010078 0.011191
0 0.956070 0.068691 0.009516 0.013281
0 0.967258 0.076729 0.009516 0.012598
0 0.922195 0.050488 0.010078 0.016094
0 0.910156 0.045596 0.008406 0.013301
0 0.899805 0.040342 0.010078 0.012598
0 0.889437 0.034756 0.008406 0.012598
0 0.880758 0.028447 0.008953 0.012598
0 0.869570 0.023545 0.010078 0.014004
0 0.860047 0.017607 0.006719 0.011895
