0 0.655039 0.619170 0.020828 0.032754
0 0.636227 0.614131 0.015453 0.031074
0 0.042305 0.937031 0.036953 0.031914
0 0.083625 0.907637 0.047031 0.030234
0 0.049359 0.877822 0.034938 0.037793
0 0.260664 0.654023 0.036953 0.025195
0 0.245211 0.663262 0.035609 0.023516
0 0.177352 0.702314 0.034266 0.024355
0 0.211617 0.680898 0.032922 0.021836
0 0.212625 0.646045 0.032250 0.026035
0 0.264695 0.625469 0.034266 0.028555
0 0.179703 0.563740 0.030906 0.019316
0 0.292242 0.604473 0.034266 0.021836
0 0.342625 0.626309 0.034250 0.023516
0 0.390992 0.641846 0.035609 0.019316
