0 0.593477 0.389902 0.036984 0.025547
0 0.014844 0.973633 0.029687 0.048828
0 0.545312 0.582031 0.056250 0.050781
0 0.245312 0.544922 0.062500 0.050781
0 0.320312 0.559570 0.053125 0.048828
0 0.768750 0.515625 0.046875 0.042969
0 0.726562 0.511719 0.053125 0.042969
0 0.203906 0.541992 0.051562 0.048828
0 0.440625 0.480469 0.040625 0.042969
0 0.111719 0.643545 0.062281 0.041348
0 0.363305 0.478701 0.041859 0.040137
0 0.250891 0.468965 0.033094 0.032852
0 0.209047 0.463496 0.038937 0.036484
0 0.094688 0.450723 0.034062 0.040156
0 0.059656 0.448291 0.032125 0.037715
0 0.879609 0.565078 0.060344 0.035273
0 0.924859 0.532236 0.051594 0.045020
0 0.969141 0.530410 0.048656 0.043789
0 0.561844 0.443418 0.059375 0.035273
0 0.638727 0.448291 0.065203 0.037715
0 0.113281 0.534180 0.067187 0.044922
0 0.731672 0.417871 0.054500 0.032852
0 0.791523 0.426387 0.049641 0.035273
0 0.862570 0.434902 0.057422 0.035273
0 0.267930 0.420312 0.049641 0.035273
0 0.206125 0.415439 0.056437 0.040137
0 0.030414 0.568115 0.049734 0.036504
0 0.950164 0.624688 0.045734 0.057188
0 0.127289 0.458018 0.031141 0.037715
0 0.029969 0.447070 0.029187 0.035273
0 0.403125 0.481445 0.040625 0.037109
0 0.643750 0.506836 0.053125 0.044922
0 0.073438 0.812500 0.071875 0.054688
0 0.027344 0.926758 0.054688 0.052734
0 0.728125 0.598633 0.053125 0.052734
0 0.482031 0.485352 0.045312 0.048828
0 0.814844 0.615234 0.048438 0.054688
0 0.030469 0.888672 0.060937 0.046875
0 0.362500 0.567383 0.065625 0.052734
0 0.678906 0.591797 0.057813 0.058594
0 0.632031 0.588867 0.060937 0.060547
0 0.448437 0.572266 0.062500 0.054688
0 0.433594 0.529297 0.057813 0.039062
