0 0.593469 0.396592 0.040875 0.036504
0 0.540625 0.542969 0.059375 0.039062
0 0.446875 0.575195 0.062500 0.052734
0 0.361719 0.566406 0.067187 0.050781
0 0.675781 0.594727 0.057813 0.060547
0 0.629687 0.591797 0.059375 0.058594
0 0.813281 0.618164 0.048438 0.052734
0 0.203906 0.540039 0.051562 0.048828
0 0.480469 0.486328 0.045312 0.050781
0 0.641406 0.508789 0.054688 0.044922
0 0.544531 0.584961 0.057813 0.052734
0 0.725781 0.601562 0.054688 0.050781
0 0.317969 0.559570 0.051562 0.048828
0 0.026562 0.923828 0.053125 0.050781
0 0.401562 0.482422 0.040625 0.039062
0 0.028906 0.887695 0.057813 0.052734
0 0.245312 0.544922 0.062500 0.054688
0 0.208594 0.463867 0.035937 0.037109
0 0.029484 0.444033 0.028219 0.031621
0 0.059164 0.444033 0.035047 0.046230
0 0.092258 0.447070 0.025297 0.049883
0 0.126320 0.456797 0.033078 0.042578
0 0.252352 0.468975 0.036016 0.037715
0 0.267437 0.420918 0.052562 0.034062
0 0.205148 0.417266 0.058391 0.031641
0 0.111719 0.640498 0.062281 0.037715
0 0.071820 0.808389 0.062297 0.052324
0 0.026664 0.562031 0.053328 0.041367
0 0.948703 0.627119 0.046719 0.057168
0 0.769141 0.518242 0.045750 0.041367
0 0.758922 0.554736 0.052562 0.031621
0 0.725344 0.515205 0.053531 0.045020
0 0.561352 0.446465 0.058391 0.036484
0 0.733133 0.420312 0.049641 0.040156
0 0.789586 0.428828 0.051578 0.035273
0 0.858195 0.434902 0.048672 0.032852
0 0.922914 0.532842 0.053516 0.046230
0 0.966711 0.538311 0.039891 0.052324
0 0.635813 0.451934 0.061313 0.032852
0 0.364273 0.478086 0.043797 0.034062
0 0.439703 0.484180 0.044781 0.048672
0 0.273766 0.557783 0.057406 0.037715
0 0.109781 0.531631 0.054500 0.046230
0 0.025203 0.397197 0.050406 0.035293
