0 0.297961 0.887773 0.030859 0.045938
0 0.314859 0.846436 0.026469 0.042246
0 0.328453 0.808311 0.025719 0.043184
0 0.613945 0.900635 0.026453 0.042246
0 0.618352 0.857002 0.024984 0.045020
0 0.620188 0.812451 0.024250 0.040410
0 0.586758 0.713242 0.032328 0.104727
0 0.619453 0.742168 0.021312 0.033984
0 0.281422 0.931396 0.034531 0.052363
0 0.624609 0.681543 0.019844 0.030312
0 0.400547 0.611289 0.020219 0.032148
0 0.416773 0.569570 0.022047 0.029844
0 0.424117 0.547754 0.014703 0.024492
0 0.434227 0.531299 0.018984 0.025254
0 0.448008 0.487666 0.017141 0.026777
0 0.452906 0.469297 0.013469 0.020664
0 0.458719 0.458574 0.014094 0.019141
0 0.466375 0.435996 0.014688 0.021445
0 0.471273 0.423369 0.014703 0.022207
0 0.881570 0.465850 0.029391 0.015293
0 0.818805 0.442119 0.021422 0.013770
0 0.988734 0.534355 0.018375 0.019141
