3 0.283133 0.721190 0.090589 0.058306
3 0.240526 0.934995 0.059677 0.046472
3 0.297104 0.413338 0.045792 0.046472
3 0.269120 0.842769 0.163458 0.058315
3 0.250505 0.891690 0.090594 0.058306
3 0.249026 0.802787 0.120885 0.058315
0 0.171401 0.896292 0.028406 0.063972
3 0.323826 0.261213 0.104099 0.046204
3 0.313859 0.295315 0.066875 0.046204
3 0.321013 0.312102 0.100339 0.046204
3 0.312794 0.328648 0.100339 0.046204
3 0.293745 0.367361 0.063979 0.049519
3 0.302128 0.382194 0.073776 0.056426
3 0.279245 0.451222 0.071438 0.051500
3 0.271646 0.478412 0.065698 0.051509
3 0.289760 0.505704 0.096281 0.051500
3 0.288815 0.573046 0.096286 0.051500
3 0.274599 0.641333 0.064052 0.051500
3 0.291596 0.678898 0.096286 0.051500
3 0.275065 0.761796 0.140776 0.058315
3 0.223956 0.976769 0.108901 0.046463
