3 0.271599 0.576606 0.146531 0.074380
3 0.265708 0.522829 0.116083 0.066954
3 0.245151 0.476505 0.063552 0.049398
3 0.304729 0.307347 0.086792 0.049398
3 0.329271 0.274199 0.127500 0.049398
3 0.311198 0.241741 0.073854 0.037259
3 0.313198 0.200796 0.073854 0.040648
3 0.289685 0.183537 0.073849 0.040648
3 0.306156 0.149000 0.048094 0.040648
3 0.313188 0.134417 0.070833 0.040648
3 0.328003 0.108532 0.129786 0.048639
3 0.331997 0.095463 0.113880 0.048648
3 0.334586 0.068792 0.100172 0.032102
3 0.338896 0.051606 0.065260 0.032102
3 0.330094 0.008537 0.045990 0.022778
3 0.343875 0.030667 0.073396 0.022778
0 0.240477 0.216653 0.019661 0.047361
0 0.248081 0.151287 0.019661 0.047352
0 0.198602 0.230917 0.019661 0.057944
0 0.298708 0.489468 0.037177 0.030269
0 0.344560 0.488148 0.052328 0.037019
0 0.345823 0.458259 0.040844 0.032019
0 0.351786 0.396542 0.040844 0.032009
0 0.355594 0.345236 0.040844 0.032009
0 0.276721 0.339731 0.043661 0.034241
0 0.314438 0.341278 0.033490 0.029667
0 0.318169 0.371171 0.033484 0.029676
0 0.312143 0.397671 0.033484 0.029676
0 0.304924 0.425185 0.037547 0.032407
0 0.302945 0.454616 0.037547 0.032398
0 0.344174 0.434315 0.037547 0.032407
0 0.250893 0.456681 0.044453 0.032398
0 0.252667 0.429088 0.040438 0.032398
0 0.260451 0.400486 0.040432 0.032398
0 0.268695 0.373426 0.040432 0.032407
1 0.214695 0.189111 0.007224 0.023796
1 0.220753 0.192694 0.007224 0.023796
1 0.225852 0.187407 0.007224 0.023796
1 0.220542 0.183065 0.007219 0.023796
1 0.218630 0.235931 0.007219 0.023787
1 0.221604 0.231403 0.007219 0.023787
1 0.227232 0.229889 0.007224 0.023796
