3 0.291633 0.620486 0.129422 0.052713
3 0.287721 0.977833 0.150724 0.044333
3 0.268005 0.931796 0.096281 0.044333
3 0.273130 0.853931 0.096281 0.056954
3 0.249458 0.811148 0.096281 0.056944
3 0.259315 0.761356 0.059182 0.052713
3 0.269216 0.730597 0.081349 0.052713
3 0.286177 0.681611 0.151615 0.055481
3 0.259760 0.655218 0.089333 0.052713
3 0.299174 0.578264 0.081349 0.052713
3 0.308672 0.544343 0.090885 0.052722
3 0.291323 0.511463 0.060906 0.052722
3 0.305518 0.451329 0.092484 0.052713
3 0.299716 0.384546 0.062026 0.048296
3 0.299961 0.350991 0.062026 0.048296
3 0.311799 0.320130 0.062026 0.048296
3 0.317404 0.280370 0.070099 0.048296
3 0.315745 0.258398 0.070104 0.048296
3 0.328807 0.238611 0.099792 0.048296
3 0.325375 0.223500 0.097625 0.048296
3 0.337062 0.182852 0.106927 0.048296
0 0.189313 0.854796 0.022885 0.071556
0 0.195203 0.735509 0.022885 0.064537
0 0.152341 0.851944 0.007599 0.030926
1 0.169628 0.871051 0.006026 0.019731
1 0.178341 0.870792 0.006026 0.019731
1 0.172315 0.865153 0.006026 0.019731
1 0.164388 0.800880 0.006026 0.019741
1 0.170104 0.792986 0.006042 0.019731
1 0.165023 0.787912 0.006026 0.019731
1 0.160753 0.853611 0.008286 0.023704
