0 0.749258 0.932472 0.056693 0.035574
0 0.635052 0.774671 0.047604 0.038380
0 0.641307 0.806995 0.047604 0.038380
0 0.641307 0.853458 0.047604 0.038380
0 0.629375 0.730306 0.051250 0.040407
0 0.679375 0.727273 0.041927 0.038380
3 0.724263 0.970148 0.122724 0.059704
3 0.734495 0.716074 0.065906 0.060667
3 0.700958 0.665583 0.115896 0.064685
3 0.686135 0.617194 0.139771 0.064685
0 0.744714 0.843361 0.047604 0.035574
0 0.744714 0.809014 0.047604 0.035565
0 0.738466 0.768806 0.055568 0.035574
0 0.682214 0.776694 0.047604 0.035574
0 0.689036 0.811037 0.047604 0.035574
0 0.687896 0.851440 0.047604 0.035565
0 0.687896 0.893861 0.047604 0.035574
0 0.649406 0.937667 0.047604 0.035574
0 0.699260 0.932250 0.047604 0.035574
0 0.746990 0.883759 0.047604 0.035574
