0 0.640190 0.262319 0.033411 0.024361
3 0.827315 0.209602 0.028297 0.133019
3 0.645677 0.372287 0.034000 0.240222
3 0.674260 0.413250 0.034000 0.135889
3 0.690328 0.468667 0.034000 0.135889
3 0.726313 0.500653 0.034000 0.135898
3 0.718750 0.531718 0.034000 0.092139
3 0.718768 0.573611 0.034005 0.156259
3 0.711318 0.627829 0.039583 0.291231
3 0.719771 0.709398 0.029875 0.256111
3 0.734099 0.754819 0.029875 0.192528
3 0.730815 0.810199 0.029880 0.228935
3 0.762841 0.849926 0.029880 0.148630
3 0.766128 0.962227 0.029880 0.217324
3 0.640193 0.155574 0.021177 0.188741
3 0.649216 0.207181 0.021172 0.155083
3 0.666654 0.349134 0.021172 0.155083
3 0.772250 0.654176 0.034000 0.110648
0 0.767599 0.478648 0.019979 0.065648
0 0.800177 0.584829 0.024625 0.065657
0 0.806805 0.450144 0.024620 0.065657
1 0.810372 0.528713 0.005078 0.018611
1 0.803263 0.522741 0.005078 0.018611
1 0.806435 0.510338 0.005078 0.018602
1 0.813094 0.512593 0.005073 0.018611
1 0.782651 0.453394 0.005073 0.018602
1 0.778208 0.463542 0.005073 0.018602
1 0.775354 0.452829 0.005073 0.018602
3 0.648956 0.178532 0.021172 0.155083
0 0.613320 0.328097 0.041651 0.024361
0 0.641029 0.305028 0.033411 0.024352
0 0.686221 0.305185 0.033411 0.024352
0 0.686221 0.283755 0.033411 0.024361
0 0.684578 0.265241 0.033417 0.024352
0 0.676349 0.242241 0.037802 0.024352
0 0.641831 0.280829 0.033411 0.024361
0 0.606758 0.281806 0.033411 0.024352
0 0.609500 0.258421 0.033417 0.024361
0 0.603471 0.237963 0.033411 0.024352
0 0.600437 0.218810 0.037229 0.024361
0 0.635258 0.218477 0.033411 0.024361
0 0.638544 0.239912 0.033411 0.024361
