1 0.257557 0.276634 0.006240 0.017287
1 0.267740 0.278653 0.006240 0.017287
1 0.264068 0.284199 0.006240 0.017287
1 0.262052 0.272125 0.006240 0.017287
1 0.264437 0.314542 0.006240 0.017287
1 0.272880 0.315847 0.006240 0.017287
1 0.267557 0.311931 0.006240 0.017287
0 0.280500 0.303125 0.014865 0.039806
0 0.285909 0.242130 0.014870 0.032593
0 0.244786 0.318407 0.014865 0.052037
0 0.370615 0.541574 0.041479 0.030370
0 0.332375 0.540898 0.033479 0.030370
0 0.294523 0.506398 0.037307 0.030370
0 0.335047 0.511130 0.030844 0.030370
0 0.368724 0.492519 0.030844 0.025648
0 0.370635 0.513157 0.034667 0.025648
0 0.376333 0.420472 0.034667 0.025648
0 0.374812 0.464444 0.034667 0.025648
0 0.342266 0.463093 0.030469 0.025648
0 0.338279 0.485417 0.030464 0.025648
0 0.294133 0.489481 0.030464 0.025648
0 0.299461 0.463769 0.030464 0.025648
0 0.304789 0.446176 0.030464 0.025648
0 0.311833 0.414380 0.034667 0.025648
0 0.347411 0.420472 0.034667 0.025648
0 0.345891 0.441444 0.034667 0.025648
3 0.158943 0.503722 0.020094 0.060889
3 0.313094 0.606389 0.118292 0.060889
3 0.306372 0.560787 0.096349 0.049556
3 0.290893 0.529537 0.050620 0.036481
3 0.334565 0.386986 0.068495 0.031398
3 0.340344 0.331796 0.068490 0.031389
3 0.341648 0.293157 0.068495 0.038685
3 0.324487 0.273722 0.068495 0.038685
3 0.334932 0.244824 0.041802 0.038685
3 0.342359 0.232069 0.060812 0.032676
3 0.354690 0.359935 0.103016 0.044981
3 0.351299 0.209287 0.111578 0.041019
3 0.357044 0.173574 0.097599 0.032481
3 0.359375 0.150546 0.059615 0.027981
3 0.355612 0.115861 0.044599 0.022352
3 0.364599 0.135148 0.062771 0.026407
3 0.363992 0.090968 0.065036 0.026398
3 0.363497 0.062296 0.065036 0.026407
3 0.368359 0.018657 0.034719 0.026407
3 0.356258 0.048250 0.042464 0.026407
3 0.187193 0.010167 0.047458 0.026407
3 0.176276 0.037398 0.047458 0.026407
3 0.174956 0.066454 0.056234 0.026407
3 0.166195 0.090907 0.034901 0.026407
3 0.163732 0.115954 0.031495 0.026407
3 0.158594 0.158620 0.021979 0.026407
3 0.159539 0.136296 0.023109 0.026407
