1 0.211016 0.655718 0.005573 0.023472
1 0.206062 0.585843 0.005573 0.023481
1 0.201875 0.596806 0.005573 0.023481
1 0.199234 0.582713 0.005573 0.023481
1 0.203417 0.653579 0.005573 0.023472
1 0.206281 0.648880 0.005573 0.023481
0 0.179781 0.651375 0.036469 0.034491
0 0.228893 0.534264 0.026911 0.034491
0 0.221263 0.634588 0.033828 0.034491
0 0.260422 0.817574 0.023969 0.081926
0 0.342992 0.833019 0.023964 0.081926
0 0.308901 0.829648 0.023969 0.081926
0 0.305115 0.858269 0.023969 0.081926
0 0.297536 0.891940 0.023969 0.081935
0 0.340151 0.902042 0.023969 0.081935
0 0.251135 0.891940 0.023969 0.081935
0 0.252083 0.859954 0.023969 0.081926
0 0.240719 0.925611 0.023969 0.081926
0 0.244508 0.960963 0.023964 0.081926
0 0.294698 0.934028 0.023969 0.081926
0 0.289961 0.966014 0.023964 0.081935
0 0.333521 0.949181 0.023969 0.081935
0 0.333521 0.979481 0.023969 0.081926
3 0.289964 0.778282 0.094698 0.048824
3 0.310797 0.737620 0.137552 0.063833
3 0.294240 0.690375 0.087115 0.047028
3 0.303219 0.629315 0.087115 0.047037
3 0.277651 0.595644 0.087115 0.047028
3 0.292945 0.556824 0.062714 0.047037
3 0.293750 0.524935 0.087115 0.047037
3 0.316026 0.492917 0.139385 0.047037
3 0.292802 0.469380 0.087115 0.047037
3 0.318292 0.438546 0.121135 0.047037
3 0.323104 0.407093 0.087115 0.047037
3 0.331630 0.378472 0.087115 0.047037
3 0.318826 0.353454 0.057641 0.047037
3 0.332576 0.306083 0.087109 0.047037
3 0.326362 0.248213 0.070859 0.047037
3 0.327875 0.228806 0.058698 0.047037
3 0.335570 0.201037 0.045641 0.047037
3 0.335930 0.165963 0.067255 0.047037
3 0.348672 0.129315 0.087115 0.047037
3 0.357198 0.090593 0.087115 0.047037
3 0.163117 0.137944 0.032141 0.047037
3 0.161536 0.097370 0.034667 0.047037
3 0.227073 0.987769 0.049354 0.025222
