3 0.700688 0.453875 0.054312 0.041676
0 0.612687 0.468347 0.052083 0.030306
0 0.656740 0.470051 0.036938 0.030306
0 0.616966 0.500356 0.033151 0.030306
0 0.622646 0.523926 0.033146 0.030296
0 0.623594 0.557597 0.040729 0.030306
0 0.659096 0.502042 0.035974 0.030306
0 0.708352 0.496986 0.047359 0.030306
0 0.715435 0.525606 0.040693 0.030306
0 0.665260 0.530662 0.040729 0.030306
0 0.664302 0.559282 0.036917 0.030306
0 0.716404 0.555912 0.040734 0.030306
0 0.716391 0.587898 0.035031 0.030296
0 0.662896 0.592949 0.034104 0.030306
0 0.631159 0.626620 0.046380 0.030296
0 0.721130 0.623255 0.052083 0.030306
0 0.674737 0.621569 0.040734 0.030306
0 0.821500 0.835352 0.023656 0.077389
0 0.844716 0.965023 0.015141 0.067380
1 0.832826 0.798000 0.004182 0.020296
1 0.827117 0.804083 0.004943 0.023000
3 0.766589 0.970667 0.076573 0.054111
3 0.759026 0.925954 0.062625 0.054111
3 0.764456 0.881685 0.100880 0.054111
3 0.725104 0.845120 0.094437 0.054111
3 0.713977 0.752625 0.099922 0.068120
3 0.682151 0.696995 0.152740 0.070250
3 0.693948 0.655088 0.101979 0.044824
3 0.677846 0.417134 0.101984 0.041676
3 0.661893 0.382546 0.118557 0.051926
