3 0.262021 0.723532 0.070063 0.052157
3 0.317266 0.312954 0.117427 0.052148
3 0.307729 0.359782 0.111656 0.052157
3 0.303031 0.390796 0.104115 0.052148
3 0.293414 0.440481 0.077151 0.052148
3 0.288276 0.477532 0.059198 0.052157
3 0.266086 0.530954 0.059193 0.052148
3 0.278078 0.573773 0.087125 0.052157
3 0.282117 0.651231 0.104776 0.052148
3 0.281685 0.765185 0.092474 0.052148
3 0.271299 0.805579 0.086672 0.052157
3 0.265630 0.859685 0.144469 0.052148
3 0.257076 0.946144 0.166266 0.060639
3 0.217328 0.900597 0.072531 0.060639
3 0.221125 0.972569 0.141708 0.060639
