3 0.647961 0.112773 0.080005 0.039972
3 0.665987 0.130153 0.057391 0.039972
3 0.672557 0.177338 0.096479 0.039972
3 0.691966 0.222838 0.089557 0.039972
3 0.709646 0.242625 0.067167 0.039972
3 0.702232 0.277532 0.060495 0.039972
3 0.701992 0.294394 0.055401 0.039972
3 0.710753 0.315060 0.089557 0.061954
3 0.722805 0.346106 0.089557 0.039972
3 0.713768 0.375968 0.112276 0.046861
3 0.716948 0.414505 0.120573 0.046398
3 0.724784 0.441444 0.089151 0.037315
3 0.726044 0.479278 0.130172 0.056833
0 0.681859 0.006620 0.011365 0.013241
0 0.696969 0.043602 0.011365 0.030296
3 0.656346 0.089690 0.089557 0.039972
3 0.647867 0.074060 0.101141 0.039972
3 0.638750 0.040116 0.105521 0.039972
3 0.647883 0.011718 0.046141 0.029343
1 0.706826 0.017009 0.005026 0.020296
1 0.701659 0.016630 0.005026 0.020296
