3 0.767044 0.828111 0.159089 0.072389
3 0.758523 0.732995 0.159089 0.072398
3 0.767841 0.778120 0.110901 0.072389
3 0.755607 0.681537 0.128297 0.072389
3 0.775979 0.629875 0.074854 0.059102
3 0.753820 0.601403 0.096307 0.077917
3 0.747159 0.566329 0.074849 0.059102
3 0.748104 0.536028 0.074854 0.059093
3 0.745266 0.485523 0.074854 0.059102
3 0.718797 0.455773 0.096021 0.059102
3 0.700755 0.392931 0.096021 0.059102
3 0.695937 0.316472 0.063281 0.059093
3 0.673049 0.302144 0.087693 0.059102
3 0.678031 0.271718 0.087687 0.059102
3 0.667146 0.238894 0.119312 0.059102
3 0.658435 0.192884 0.128193 0.059102
3 0.637078 0.082847 0.068740 0.035509
3 0.613971 0.058333 0.090026 0.055000
3 0.644125 0.115991 0.058313 0.035519
3 0.670159 0.129870 0.068734 0.035519
3 0.669063 0.147407 0.068740 0.035519
3 0.829193 0.079639 0.045062 0.035519
3 0.844977 0.025241 0.018724 0.035519
0 0.728430 0.182870 0.017724 0.043704
0 0.736206 0.108574 0.017724 0.043704
0 0.707893 0.122454 0.014526 0.043704
0 0.644052 0.025852 0.023167 0.022519
0 0.643313 0.013185 0.023167 0.022519
0 0.611917 0.024463 0.023167 0.022519
0 0.612870 0.008111 0.023167 0.022519
0 0.586526 0.036370 0.028198 0.022519
0 0.586865 0.013750 0.023167 0.022519
1 0.739760 0.155032 0.004625 0.018398
1 0.733154 0.150722 0.005505 0.019574
1 0.735576 0.143875 0.004182 0.014491
1 0.740201 0.147204 0.004182 0.018796
1 0.719242 0.110472 0.005505 0.019574
1 0.715388 0.112102 0.005505 0.019574
