1 0.728255 0.114125 0.004625 0.021917
1 0.709094 0.081241 0.004625 0.021926
1 0.711958 0.082806 0.004625 0.021926
1 0.732781 0.114898 0.004625 0.021926
3 0.837602 0.024523 0.031078 0.031861
3 0.826299 0.048921 0.049911 0.041843
0 0.723245 0.148532 0.014802 0.047806
0 0.702914 0.093722 0.011651 0.034444
0 0.728997 0.075690 0.016849 0.041139
0 0.586562 0.010213 0.028542 0.020426
3 0.613201 0.034986 0.094068 0.031861
3 0.634326 0.053542 0.058630 0.031861
3 0.661727 0.132023 0.058630 0.031861
3 0.668263 0.105356 0.056266 0.031861
3 0.640836 0.086199 0.058630 0.031861
3 0.654503 0.156704 0.119839 0.046907
3 0.697206 0.183519 0.055630 0.046907
3 0.664982 0.208639 0.112203 0.046907
3 0.671398 0.249060 0.086745 0.050954
3 0.689695 0.271366 0.057464 0.050954
3 0.694964 0.335708 0.093250 0.050954
3 0.714990 0.396986 0.088375 0.050954
3 0.736529 0.424620 0.067120 0.043722
3 0.736688 0.465704 0.064385 0.043722
3 0.737167 0.485481 0.054115 0.038000
3 0.737872 0.527111 0.098182 0.070593
3 0.768258 0.559042 0.091172 0.049843
3 0.754852 0.607671 0.147839 0.049843
3 0.756906 0.654907 0.147844 0.064778
3 0.759690 0.701495 0.096432 0.059250
3 0.760924 0.742852 0.147839 0.076111
1 0.705130 0.074972 0.004625 0.021926
