0 0.586792 0.056421 0.035010 0.019620
0 0.617495 0.059255 0.027406 0.019620
0 0.590458 0.072106 0.025854 0.019620
0 0.594276 0.081579 0.025854 0.019620
0 0.593318 0.101875 0.030031 0.019620
0 0.598081 0.136375 0.031547 0.025028
0 0.624341 0.120144 0.030026 0.019620
0 0.623578 0.105940 0.030031 0.019620
0 0.623578 0.091051 0.030031 0.019620
0 0.622057 0.078199 0.030031 0.019620
0 0.653641 0.076171 0.032302 0.019620
1 0.736990 0.227042 0.004938 0.028417
0 0.658211 0.089023 0.030026 0.019620
0 0.658971 0.103903 0.030026 0.019620
0 0.659734 0.115412 0.030031 0.019620
0 0.660505 0.132319 0.034615 0.019620
0 0.762513 0.221796 0.014870 0.049259
0 0.755635 0.318375 0.014875 0.049250
0 0.731659 0.245306 0.014870 0.049259
1 0.740031 0.235838 0.004938 0.028417
1 0.767260 0.276435 0.004938 0.028407
1 0.761344 0.275079 0.004938 0.028417
1 0.743078 0.228394 0.004938 0.028417
3 0.787464 0.060954 0.033094 0.118593
3 0.750872 0.661787 0.033089 0.194870
3 0.773279 0.710556 0.033089 0.165111
3 0.776888 0.760310 0.033089 0.142750
3 0.779818 0.797759 0.033094 0.142741
3 0.780323 0.849565 0.043000 0.190296
3 0.808456 0.899579 0.033089 0.142750
3 0.779701 0.952412 0.033089 0.256676
3 0.821529 0.979366 0.033089 0.100917
3 0.722289 0.583792 0.036682 0.207898
3 0.722544 0.499579 0.033089 0.142750
3 0.697797 0.467264 0.033094 0.171843
3 0.687669 0.425051 0.040391 0.245787
3 0.678185 0.341245 0.040391 0.257861
3 0.723576 0.372292 0.032276 0.111972
3 0.684099 0.307213 0.019604 0.134926
3 0.689883 0.274574 0.022130 0.099648
3 0.688995 0.254875 0.019604 0.134917
3 0.662536 0.233764 0.019604 0.122028
3 0.654326 0.196157 0.028401 0.122019
3 0.628490 0.167528 0.022156 0.189778
3 0.643500 0.146685 0.019604 0.122019
3 0.620495 0.031569 0.019604 0.096306
3 0.622549 0.013403 0.012755 0.141583
3 0.629016 0.045213 0.019604 0.097000
