3 0.255443 0.329181 0.082365 0.052269
3 0.257622 0.401319 0.115266 0.052269
3 0.236245 0.473051 0.079938 0.052269
3 0.254341 0.513671 0.108599 0.052269
3 0.237341 0.562236 0.099880 0.052269
3 0.237677 0.613449 0.169333 0.067343
3 0.189909 0.656352 0.083578 0.067333
3 0.236922 0.697329 0.169333 0.067343
3 0.202130 0.923231 0.110885 0.067333
3 0.243013 0.295532 0.066849 0.052269
3 0.261620 0.243644 0.046396 0.052269
3 0.273810 0.205801 0.084328 0.052269
3 0.285805 0.155588 0.112318 0.052269
3 0.283357 0.142028 0.097839 0.052278
3 0.205016 0.756542 0.104281 0.067343
3 0.191276 0.801995 0.073010 0.067343
3 0.306727 0.092227 0.106766 0.052269
3 0.183701 0.860921 0.073016 0.067343
